---------------------
-287
---------------------
Start Time: 128914
Finish Time: 128918
Total Time (in milli-seconds): 4
------------------------------------------
164
233
-703
-384
521
808
199
-159
3
113
-440
-1032
334
479
966
101
-54
-22
-7
-37
-1301
140
359
1390
229
-289
87
199
-22
-1282
-262
64
993
462
-211
217
296
-192
-1219
-1007
145
926
184
391
31
-84
-471
-1084
-848
237
1934
-329
0
51
207
-41
-1096
-198
-95
1365
-50
143
143
744
-401
-1375
-152
-54
1474
-390
115
-401
753
119
-975
-523
-49
1235
-530
223
266
997
-595
-901
-837
-39
1325
564
186
-431
934
-69
-545
-603
-301
286
528
413
-619
920
-876
-589
54
590
934
-52
497
-718
284
-306
-1076
191
-219
1194
-95
210
453
345
-369
-695
-328
-389
580
236
113
53
887
-1009
-311
-667
105
269
229
313
250
970
-1096
-292
-1233
142
425
274
375
-103
780
-824
-509
-751
395
558
-158
447
98
568
-216
-640
-239
166
105
170
487
-459
33
-61
-454
-372
715
71
-338
535
574
76
-323
35
-46
437
-369
-691
-876
678
526
202
-136
-668
519
-452
-136
-374
1031
801
-409
-437
-686
660
213
-138
-552
889
612
-202
-357
-1029
717
471
-185
-430
657
1132
-535
-214
-550
-64
-117
-251
-109
607
911
-87
-180
212
-493
132
-515
-199
896
808
-497
-1108
-176
262
187
-527
-359
1044
673
-529
-937
-119
1
-481
206
-416
1224
991
843
-1194
-389
490
-162
-726
10
1126
552
583
-1161
-171
516
-9
-643
-283
263
828
241
-924
47
537
-341
-526
-368
591
1060
108
-926
-138
44
-216
-1248
189
99
692
745
-680
36
888
971
-1526
-395
202
702
448
-210
270
10
532
-1508
96
-853
1216
340
-124
-207
-150
1053
-1038
-268
-454
1045
245
-562
-209
415
444
-383
-297
-573
1302
646
-370
-375
-98
394
-747
-267
-151
1354
8
-249
-736
-111
566
-419
-5
-642
1200
-300
-3
-732
696
708
-586
-399
-1115
1261
-266
652
-531
714
422
-1141
-97
-615
1498
571
167
-905
469
550
-568
-581
-942
470
748
689
-758
469
226
-1199
-121
-78
608
363
395
-610
560
22
-836
-745
-427
1068
325
515
-709
146
427
118
-591
-410
791
224
117
-595
533
93
27
-580
-134
564
-136
661
-887
279
552
278
-1110
-478
412
-215
668
113
173
639
-16
-1528
-397
-90
1252
201
380
-357
-71
219
-808
-665
417
1005
-118
-493
62
-1
87
218
-512
115
735
32
-530
153
317
12
-232
-611
32
412
358
-68
25
547
-186
-84
-809
280
428
137
-96
-664
649
-148
337
-739
-516
675
-40
464
-819
1121
235
-52
-533
-330
-18
-137
307
-155
568
81
212
-154
124
-71
-17
-637
-300
434
400
190
-646
337
-88
238
-285
99
742
-594
114
-1158
680
-195
609
7
-410
749
-314
105
-1164
639
-104
-262
235
219
444
115
670
-871
165
-484
80
-253
67
175
248
707
-1022
181
-70
80
-440
578
121
-51
206
-182
552
-486
105
-900
-187
486
111
694
-572
164
-566
385
-580
612
123
-141
616
-490
181
-764
249
-647
1096
103
53
82
-799
-123
-16
434
-828
718
157
229
426
103
-286
-900
442
-378
974
124
-326
-493
-61
388
-267
328
-554
270
283
429
-320
-137
133
-548
57
-162
860
367
325
-83
193
-92
-478
-196
-697
14
523
756
143
-51
-319
-839
270
89
106
491
474
-464
264
-38
-652
-359
-102
36
-149
631
-373
617
391
156
-1134
-124
303
157
656
-313
243
-314
223
-706
-69
307
80
122
-55
283
146
259
-1
-635
347
-99
-229
0
238
697
-29
-576
-232
61
230
-41
275
124
142
386
-474
-315
-661
127
-327
633
620
276
90
-1227
-222
-705
805
-341
250
1011
-53
27
-771
109
-558
565
-2
-16
623
-261
-432
-329
25
-83
56
-453
9
-40
1081
343
-771
177
-720
340
-6
736
-111
621
-6
-742
21
-254
730
-318
522
-220
259
54
-341
334
-337
351
-176
-122
315
226
226
-533
-397
35
-227
-181
479
211
830
-295
-352
-848
417
-409
-421
114
323
751
145
418
-883
328
-243
-909
227
520
1161
181
-112
-698
352
-116
-363
-325
146
850
-5
-290
-296
386
-43
-104
-215
155
-5
450
177
-668
669
-522
282
-900
455
990
-326
539
-860
245
-524
-185
-741
594
548
366
227
-737
-29
-829
148
-558
1078
1202
-199
-559
-981
196
-211
8
-691
279
949
117
-100
-407
529
-308
-257
-961
625
1144
805
-423
-270
581
-299
-259
-874
263
794
1050
-290
-725
318
-203
-20
-638
153
314
735
-272
-772
752
-257
58
-943
97
397
1008
124
-591
2499
-2233
-2500
1369
-1628
2499
-2500
-1003
-1550
-471
-2500
-2500
2301
-445
-2014
2499
-2500
-2500
-2014
2499
-2500
-1273
-196
1746
-1294
756
-2014
2499
-586
1746
-2014
2499
411
-2500
-1403
1369
2399
160
-1976
-1434
-2500
-586
2499
-726
-2246
-445
-1864
2499
-277
-166
-889
-353
451
493
-1320
56
564
1342
-663
-903
246
78
-276
-918
-205
420
914
-189
51
420
-349
-395
-691
931
631
1013
-1175
146
761
87
-137
-1435
354
235
924
-386
268
439
-45
-961
-968
-190
524
1330
17
266
-182
-533
-602
-475
42
754
894
-1299
642
645
206
-936
-943
-169
63
1318
-631
12
370
500
-446
-747
530
18
453
-490
373
-107
528
-608
-1018
-13
500
549
-256
287
-4
601
-737
-945
-192
-4
1319
52
602
-94
794
-1227
-764
200
36
455
-134
704
-256
1046
-551
-1029
186
264
591
-785
864
8
792
-890
-563
-1033
660
728
-259
747
-274
508
-1437
-421
-486
986
446
-161
782
-651
504
-1489
-603
-784
1183
688
-376
644
-192
1098
-1372
-702
-984
525
229
-342
1318
-94
532
-493
-399
-954
316
88
-270
803
387
523
-738
-483
-480
699
-196
77
738
891
338
-1025
-361
-658
1017
-126
110
-82
716
281
-778
-183
-912
912
-418
50
350
904
615
-879
-316
-131
-121
-123
-40
253
505
711
-672
-535
-273
67
95
-573
64
1244
422
-801
-421
-131
182
143
379
-339
667
-99
-362
-654
-126
120
-7
-5
-145
866
47
-131
-731
72
325
-386
-48
495
698
594
-342
-778
-164
226
-232
-149
604
1238
457
-381
-1349
-44
178
70
268
422
843
28
-215
-1306
215
601
-215
-250
-18
1222
380
-631
-1098
-204
308
311
-406
440
813
196
-293
-302
290
-97
213
-907
351
683
491
-408
-845
-210
182
408
-1025
171
942
387
-146
-833
-457
220
189
-342
708
846
-212
-745
-659
-525
90
937
-427
219
1403
1176
-389
-1041
85
45
424
-336
342
36
1037
-544
-1156
405
317
344
-602
103
352
571
-32
-954
278
463
-424
-636
-88
739
423
-157
-404
-99
475
148
-360
-276
513
724
-774
-354
158
681
-402
-369
357
333
894
-676
-423
-533
627
-150
38
278
240
507
-516
-143
-125
559
102
-789
93
660
437
-123
-61
-535
307
-183
-478
-12
499
521
-220
70
-533
584
-248
-629
331
462
908
-338
-312
17
85
-189
-153
-151
357
622
-23
-389
-291
323
-563
-191
-12
1139
560
-738
-146
-568
601
-424
337
-600
1045
196
-1029
77
-444
1307
-614
530
-858
578
422
-715
214
-61
722
-679
-224
-535
665
626
-194
-468
155
696
-777
-777
-334
854
332
283
-482
63
613
-99
-267
-740
897
-24
307
-980
462
821
-222
230
-1072
445
-137
24
-712
43
953
-327
-288
-681
897
-84
229
-605
316
252
-351
-501
-283
1141
229
-274
-1241
647
252
-100
-462
-171
573
42
105
-1106
1158
583
831
-836
-776
739
-356
423
-769
810
245
261
-560
-475
1082
62
-161
-772
-68
175
172
-286
333
506
-432
-70
-589
210
397
355
-930
101
820
93
---------------------
Start Time: 128919
Finish Time: 134123
Total Time (in milli-seconds): 5204
---------------------
