---------------------
518
-322
-661
137
124
-376
-96
1536
-29
-102
-676
-788
-668
772
173
-212
1435
868
-184
-1085
240
-197
186
-302
-168
1278
1139
47
-883
144
-311
-415
-452
155
1031
1424
252
-1011
-840
-445
-370
-132
949
1492
1139
-912
-968
-199
-485
407
-737
200
861
1431
-53
-931
-37
-334
-151
-804
-161
716
1659
-43
-1053
23
-508
-123
-739
229
857
815
-52
-948
119
12
211
-679
-246
891
1315
-682
-1220
186
710
175
-762
287
537
1453
-242
-1002
-1038
119
-288
-1080
101
1051
1206
-9
-977
-630
-214
-121
-304
-268
1193
882
-154
-902
-456
226
-291
-698
555
467
907
-133
215
-898
918
-159
-1601
-1743
706
1308
-258
413
-537
591
-519
58
-1544
539
1616
1033
-438
-654
388
-489
135
-508
859
835
457
-766
-426
297
220
-513
-938
195
42
1059
-376
29
429
-307
-501
-1190
661
553
1213
-1145
-508
654
109
307
-1152
173
-25
753
-274
11
623
-471
-289
-1246
24
510
861
-185
265
-6
297
-180
-872
-47
642
594
-325
-5
-360
223
-45
-606
-64
290
202
-470
31
296
1020
-529
-1162
253
408
464
-408
40
-309
659
-558
-695
496
540
712
-618
7
-424
810
-697
-309
487
1037
231
-920
670
295
927
-997
-1228
-148
425
921
-68
628
-36
511
-977
-558
-905
312
505
94
574
-617
1188
-731
15
-652
536
21
-1113
1037
-113
996
-159
-255
-1058
216
1090
-503
771
71
-35
-987
-573
-88
707
723
-407
13
28
34
-280
107
14
700
-647
-896
-578
1157
348
271
-192
-1427
702
-593
-331
177
1199
365
-702
196
-663
784
-62
-439
-625
1003
812
-797
448
-634
68
-255
-296
-500
650
1123
-721
-356
-275
333
400
-224
299
53
266
-724
-638
363
68
78
-455
-259
770
698
424
-747
192
-252
-129
-510
-138
1175
1105
476
-936
-635
-355
-259
155
767
742
165
-104
-1002
-94
365
96
-236
91
285
47
-91
-286
481
-163
-278
-526
-38
835
922
-66
-1239
-9
300
-563
-381
388
437
316
-181
-784
-11
502
616
-775
300
488
-40
-81
-514
303
322
678
-1544
45
626
889
-262
-500
277
-681
690
-790
419
194
1191
-104
-747
410
254
292
-1870
-215
-221
1248
277
-426
392
278
619
-1362
-167
36
797
36
-513
592
-35
572
-942
-821
0
1389
14
-471
-311
310
110
-909
-220
421
1443
-198
-297
-1207
824
301
-995
254
-183
1052
-698
168
-815
888
644
-1137
-310
-104
1291
185
-29
-642
653
207
-569
347
-392
426
223
-292
-386
283
474
-1042
50
315
500
274
-544
-78
594
-321
-744
-1411
176
533
413
404
-309
696
-399
-115
-1431
251
920
-43
-127
-375
1250
564
-267
-1238
238
442
266
445
-25
313
645
-91
-1683
73
578
1296
86
842
-313
-176
-284
-1087
815
290
1055
-539
159
-14
-132
337
-759
241
-150
579
-707
358
708
56
-467
-1071
-293
-28
902
-326
209
806
-686
-486
-1411
605
535
609
-142
-856
318
505
1623
-2500
2199
-131
2499
-2500
530
-2500
1362
-2330
1623
2499
-2500
-586
2499
-2500
-2500
126
268
-2500
1980
2499
552
-634
-2500
-866
2499
-2500
1746
-1402
2499
2492
-2500
-2500
-17
2499
-1975
2499
-2500
-74
-112
1623
2341
-17
-302
-1609
2499
-1998
2380
173
-619
-564
109
1316
-1275
-227
-735
1947
-128
-821
311
-936
719
267
11
-1510
1661
980
278
-718
-506
-1071
1086
-453
25
-215
1033
470
-1044
-552
48
34
-976
568
105
697
1039
-179
-643
-309
996
-1202
-68
306
1146
185
-1191
-336
22
253
-348
-166
-82
676
963
-283
-401
-324
328
-951
292
640
1552
179
-441
-327
159
847
-1237
-757
-1117
1571
504
-185
-230
-120
913
-1099
-861
-1126
1179
854
107
174
-439
74
-715
-132
-245
885
-81
-285
-568
620
685
-59
-285
-726
1006
-474
285
-586
360
461
-287
2
-713
648
-327
-322
616
1139
787
-1462
-375
-651
1857
469
-1412
1214
-526
1333
-748
-681
-293
1432
-289
300
-499
613
562
-531
-854
-744
1021
-222
726
-329
691
21
-376
-440
-1206
1551
-428
180
-1060
546
511
-547
13
-729
957
-606
11
-43
805
225
-800
-289
-980
1225
287
278
-232
1414
164
-1273
-1105
-159
2101
452
418
-1072
1011
-394
-80
-498
-813
1410
-251
646
-535
1673
261
-1349
-648
-1086
1316
-67
588
-64
1157
271
-1271
-807
-182
786
265
144
-544
937
99
-469
-348
60
601
-498
291
-898
1432
414
-611
-1328
-555
585
199
-46
-213
1733
-161
-202
-1656
-478
472
407
-10
14
323
976
94
-1280
-88
112
-172
-547
50
663
654
253
-1521
-864
50
547
-52
-228
903
102
-458
-768
-465
301
442
-43
3
304
882
-1
-183
-968
631
284
-1110
338
64
1247
-303
-42
-777
89
369
-577
62
291
1164
-889
-637
-428
512
379
511
-433
-144
1161
-393
-543
-826
461
-261
-17
-342
128
1233
-243
22
-388
418
-623
-187
-123
155
1460
60
-699
-1483
373
-356
184
-293
298
1360
-541
-215
-636
273
-801
276
158
322
1119
-446
-255
-955
362
-695
290
1
493
1003
63
-639
-804
1048
-676
166
-158
458
243
308
-369
-653
1028
-722
-621
-138
833
1106
410
52
-1166
187
-245
-796
-798
732
878
489
-451
-490
232
-262
-38
-728
468
379
863
-285
-453
1111
-76
-655
-1373
1045
983
707
-361
-611
183
-852
-58
-542
1206
360
143
-344
-493
387
-333
-363
-866
1225
773
-160
-416
-6
75
-13
-569
-1187
1225
606
400
-1107
220
20
-24
-250
-1118
730
857
1303
-1129
33
247
48
-601
-1021
876
663
1445
-619
-125
-294
-258
-540
-536
706
708
890
-799
250
-48
4
-850
-882
440
820
868
-658
229
-58
59
-962
-895
294
478
1171
-759
539
3
724
-1389
-903
-85
686
1056
-784
1017
219
581
-1293
-517
2
163
1589
-593
112
-413
502
-1645
-793
1159
1524
620
-676
-63
-176
998
-648
-1159
432
516
467
-318
324
264
551
-865
-919
-141
443
749
241
562
145
-305
-1852
-1754
60
1199
534
575
-523
842
-361
79
-1072
-313
875
737
230
-584
1268
303
-504
-1492
-111
994
615
498
-353
709
4
-324
-1411
-81
257
1251
-193
-782
976
504
136
-931
-221
-457
351
-57
-115
1845
184
-1001
-996
-64
-221
794
414
-281
748
395
-749
-1807
195
255
622
-377
-519
156
432
575
-1101
358
-207
737
-523
-36
40
403
352
-1350
341
-228
977
-143
97
284
152
180
-1753
-632
19
818
-228
-256
544
624
607
-631
-491
-406
527
-462
220
791
1075
53
-1139
-644
-346
1023
-301
384
660
708
-264
-865
-113
-153
747
-945
-212
-97
1551
479
-503
-13
-395
195
-1125
-624
239
1250
709
-780
-535
-257
361
-817
-546
398
835
631
-783
-713
-76
667
170
-379
378
1070
67
-694
-435
-60
259
-280
-363
369
900
-326
-609
53
777
4
-121
-613
262
1408
-294
-467
-846
465
-176
-458
-345
545
1274
200
-595
-1231
380
-568
-239
125
853
1252
-815
-821
-929
804
37
-776
-85
187
1232
829
-286
-535
270
295
-775
-602
224
285
942
-147
-392
893
-517
-850
-78
823
652
765
-552
-952
369
-107
-371
-587
374
504
451
-190
-513
340
-508
-69
-968
898
1105
-72
-495
-367
466
360
-672
-646
765
575
556
-458
---------------------
Start Time: 391796
Finish Time: 396719
Total Time (in milli-seconds): 4923
---------------------
