---------------------
13
15
15
6
0
3
4
1
14
26
14
22
12
6
3
5
10
11
10
17
13
3
11
5
2
12
23
16
21
14
4
1
7
9
10
19
19
10
1
8
4
2
10
17
12
12
12
9
10
8
15
10
11
12
10
-2
0
2
6
18
25
22
15
11
6
2
5
10
9
14
14
13
0
1
9
7
16
22
16
9
11
5
10
7
11
8
14
12
10
5
0
2
4
15
23
20
10
10
1
6
13
20
16
15
13
5
3
1
6
5
10
18
18
12
12
5
3
8
19
16
12
11
2
-2
-3
11
10
9
23
19
3
11
7
-4
6
13
10
5
10
2
-7
3
13
9
18
25
7
6
6
1
0
12
14
9
12
11
0
3
2
-2
12
12
23
16
9
9
5
-3
10
14
9
13
11
0
1
5
1
11
13
16
13
11
6
3
3
14
20
15
12
5
-1
-1
0
9
15
9
18
17
6
5
10
6
6
18
12
6
9
3
-7
3
9
13
19
20
15
5
7
3
2
9
19
6
10
10
-2
0
6
7
12
16
18
13
0
9
6
6
13
23
11
7
11
-3
-5
3
3
9
24
18
13
5
2
-1
2
9
17
11
9
8
-5
-1
0
5
13
15
8
10
6
3
8
7
10
19
16
3
9
-1
-3
4
8
12
16
16
11
0
5
10
6
17
28
20
10
10
2
-4
5
12
16
18
25
12
4
7
13
7
19
24
16
10
9
3
-3
5
10
10
16
22
9
11
12
7
14
21
21
10
9
2
0
-3
10
18
17
19
19
8
7
7
8
14
14
21
15
6
3
6
-3
11
18
13
18
18
9
0
5
7
9
14
25
14
10
8
2
-6
8
14
6
14
10
4
0
6
7
15
18
20
13
-2
0
-3
-7
2
14
8
12
14
6
1
8
12
9
18
21
14
3
-2
-6
-3
1
10
8
17
17
11
7
11
11
16
20
19
16
1
-2
0
2
0
20
18
12
19
11
6
8
19
16
18
22
16
2
2
0
-2
12
19
14
12
19
7
4
9
16
13
22
20
10
4
2
0
-4
10
16
10
11
24
8
3
14
13
12
23
21
-108
1420
-324
-2000
-1914
2499
695
-2400
2069
1108
-2099
2004
-600
-404
398
34
-215
141
65
-99
188
-48
-158
176
46
-62
58
-51
12
110
-51
-34
16
-15
56
25
-27
60
-8
-24
17
-4
5
13
-1
10
21
-2
10
46
-1
15
41
12
-13
-17
-20
31
27
9
5
-1
26
44
16
0
0
-5
6
4
7
8
8
18
20
12
11
-10
-5
5
8
31
32
20
5
-6
0
8
-3
-2
4
34
37
10
6
-5
-14
-3
21
31
27
23
12
-10
-3
9
3
12
14
20
9
8
1
1
6
21
24
29
31
12
4
-2
-3
-2
15
19
18
12
13
15
7
9
13
22
14
20
17
3
-1
4
7
19
29
22
4
-1
0
3
10
26
25
20
23
12
8
1
6
3
10
8
4
8
7
9
4
9
20
25
13
23
14
0
2
0
-6
3
11
9
8
5
12
16
20
22
20
11
9
7
-3
1
6
16
13
16
7
-5
-5
0
8
19
25
30
23
19
15
6
0
0
2
4
19
17
5
1
0
4
15
20
25
22
15
18
5
8
9
9
6
9
6
0
7
2
13
16
26
28
19
11
12
0
-1
8
7
8
19
14
2
7
3
5
13
20
24
18
13
4
0
3
14
11
9
10
3
-4
1
2
4
12
19
19
16
13
10
3
3
17
10
3
11
0
-11
6
3
7
14
22
22
17
17
6
2
-1
8
7
14
16
4
-4
6
4
2
23
21
15
15
11
5
9
8
13
7
5
7
-1
-4
0
5
10
20
26
27
18
10
1
0
-1
10
11
7
12
7
2
3
6
7
21
15
17
11
3
2
5
6
18
20
10
17
6
-3
0
8
0
13
19
11
10
10
10
7
11
16
16
11
14
1
-8
-1
3
12
23
24
15
10
5
6
7
9
14
14
5
8
4
-2
5
9
10
20
20
16
12
2
2
0
10
17
16
11
12
6
-6
2
5
7
13
20
11
12
5
2
3
8
16
19
17
5
-1
-13
0
11
14
15
22
11
8
5
7
8
8
15
13
11
10
3
-9
0
6
7
16
25
14
5
10
9
8
18
20
11
14
2
0
0
-1
10
13
19
20
14
4
5
7
9
18
31
16
10
9
-1
-4
-3
6
17
18
21
24
6
6
2
3
12
20
17
14
10
3
0
1
12
17
15
19
17
3
5
12
10
12
20
15
7
13
1
0
6
8
11
19
18
11
5
7
10
11
22
23
22
10
2
-2
0
-2
7
14
17
16
16
8
4
14
4
15
25
20
10
9
-1
-2
1
8
10
5
14
9
2
3
13
6
15
21
16
10
6
-7
-7
1
8
16
15
17
9
1
2
7
7
14
21
15
4
1
-1
-3
5
10
16
11
18
9
-1
0
9
11
15
23
15
9
3
4
1
2
10
16
11
16
15
3
0
10
11
14
23
17
2
-1
4
-7
5
18
16
16
18
14
1
5
10
10
11
22
10
7
9
7
1
7
14
11
17
16
9
4
5
13
20
19
28
22
7
4
2
0
8
17
16
19
11
5
2
7
17
19
18
21
17
10
8
4
5
6
17
16
18
14
6
2
2
9
15
18
16
20
9
2
5
1
4
15
14
14
15
4
6
4
12
15
16
13
16
1
0
5
5
11
20
12
9
15
2
1
0
6
15
14
18
23
0
3
14
-1
6
17
9
4
12
1
0
5
14
15
19
21
11
0
0
2
-1
4
16
5
0
7
-1
0
10
15
23
23
23
11
7
3
-2
-5
8
12
11
13
6
5
4
8
13
20
18
21
9
7
1
4
9
11
15
12
14
8
2
0
7
10
15
15
17
16
10
7
10
13
9
14
8
4
-1
1
0
0
12
21
17
25
25
5
2
4
3
3
14
7
-1
2
7
2
8
22
19
17
20
12
0
3
-3
0
4
7
10
5
7
8
6
10
19
16
18
18
12
-1
1
5
4
9
15
10
2
0
1
6
10
21
21
16
19
9
1
1
5
9
16
10
11
2
1
1
2
3
13
18
18
21
11
7
4
8
8
12
8
13
2
-5
1
0
0
15
24
12
17
9
4
5
12
12
7
12
14
-1
0
10
2
8
22
24
13
17
9
-5
0
10
4
7
16
10
4
13
14
0
16
23
10
13
13
0
-1
7
11
13
19
19
8
3
-1
0
2
9
17
14
14
12
9
2
12
15
14
15
12
8
2
-5
0
2
3
20
20
19
16
10
0
10
11
18
21
10
11
0
-5
3
11
6
19
20
15
9
12
5
4
15
20
12
13
10
-1
0
3
5
2
16
22
14
18
14
2
1
15
10
11
15
7
-9
-2
3
4
10
16
19
8
7
11
3
4
18
13
10
16
6
-7
-3
1
0
8
24
19
8
17
6
0
11
16
14
10
12
4
-1
-2
4
3
13
21
23
17
13
10
6
12
18
16
11
12
0
-1
1
6
14
22
16
23
18
9
17
10
4
17
20
10
18
9
0
-5
4
16
13
23
24
11
10
15
5
10
20
20
16
17
12
-3
-3
7
12
10
23
20
15
7
15
8
6
19
16
11
15
9
-2
0
7
10
3
23
15
5
10
7
5
15
21
18
14
11
6
-5
0
0
9
14
16
19
15
9
9
11
7
18
16
14
7
8
-2
-2
8
11
17
19
16
14
11
13
15
7
20
19
12
10
6
-4
0
16
11
16
20
21
9
9
9
15
14
21
26
11
6
13
0
3
15
6
10
16
11
10
6
10
17
15
25
18
7
5
2
2
-3
10
9
8
19
13
2
6
2
8
18
20
25
11
3
0
-3
0
12
15
12
17
14
5
3
8
7
10
18
24
18
9
0
0
0
7
11
13
24
32
23
-4
-30
-27
39
14
7
52
5
7
18
-11
6
23
-4
9
15
7
3
15
14
19
21
14
13
6
2
1
5
5
14
16
18
0
-5
8
9
9
24
21
19
16
-2
0
0
0
13
13
7
15
9
5
3
8
11
14
19
18
10
0
0
0
0
9
14
9
10
9
1
2
5
10
8
21
19
11
3
3
0
3
10
18
14
8
5
-1
0
10
12
14
25
19
15
2
4
-1
-1
8
8
12
18
15
5
14
18
15
20
28
18
10
-1
1
2
2
11
13
10
10
12
2
8
11
14
16
18
17
10
4
3
8
5
14
13
13
6
3
0
3
10
15
14
18
20
10
5
6
7
3
9
17
16
7
13
3
0
16
15
15
22
20
3
4
3
0
1
15
18
12
13
12
2
5
13
17
15
15
19
3
5
5
0
5
14
14
11
13
9
5
5
13
14
16
21
21
9
6
9
4
10
18
15
9
9
5
8
4
18
17
15
19
15
5
8
11
7
14
13
14
14
7
5
5
-2
7
17
16
15
18
7
1
15
6
14
19
10
1
1
-3
0
6
17
27
19
20
16
4
1
10
0
7
10
13
8
5
6
3
7
12
22
17
12
15
5
-3
5
1
1
16
14
2
7
10
-1
2
12
23
14
15
7
2
1
11
6
6
16
8
3
7
2
0
5
9
20
17
12
12
2
1
4
10
12
18
14
11
1
2
1
4
12
21
22
16
13
5
0
2
13
14
22
18
9
3
0
1
4
12
23
15
11
17
8
3
7
11
5
20
20
4
2
6
1
5
15
21
14
10
10
0
2
10
10
12
17
16
8
7
4
5
8
15
19
16
12
8
3
2
13
16
17
15
21
7
6
6
6
5
14
18
17
12
11
2
0
13
20
22
20
19
5
0
5
7
3
12
20
22
14
15
5
0
12
15
15
14
20
5
3
7
11
6
16
21
14
15
11
7
5
12
18
21
19
19
3
0
4
4
10
19
19
13
18
4
5
7
10
18
21
16
19
10
0
0
0
9
14
20
14
10
6
9
7
12
16
12
15
17
9
-1
5
5
6
14
22
13
11
9
4
7
11
17
15
14
15
4
1
10
10
14
20
20
16
10
8
1
1
9
18
16
21
15
7
3
5
8
6
15
15
12
8
7
0
8
15
17
18
18
10
10
4
2
9
10
16
14
11
7
10
9
14
17
19
18
14
12
5
0
3
11
8
21
16
16
11
8
1
9
19
19
13
9
9
0
0
3
10
14
18
18
10
1
5
6
7
21
18
12
13
12
3
2
7
5
14
20
19
13
9
2
6
9
22
21
20
17
10
5
0
0
8
17
13
19
10
2
6
11
9
16
22
17
17
12
6
4
9
6
15
15
15
10
9
6
10
9
20
23
15
17
10
8
4
10
14
16
14
15
10
5
8
12
11
19
26
10
16
14
5
5
14
12
17
19
17
12
3
7
4
7
17
26
13
10
7
5
10
11
12
14
15
10
10
-2
0
11
9
22
39
17
12
14
0
5
8
10
14
16
14
10
3
10
17
13
20
20
14
9
11
-1
2
9
14
18
22
15
8
1
8
11
6
22
22
15
14
14
2
10
14
18
22
22
14
0
3
5
12
18
29
25
19
14
13
9
12
19
16
20
17
9
8
1
0
12
13
21
27
23
14
12
11
6
17
20
15
9
10
0
-4
3
15
17
24
31
21
7
6
6
-1
14
19
13
8
10
4
0
7
13
12
18
28
15
7
7
4
0
13
18
14
11
11
4
-2
7
9
13
17
21
12
12
11
12
10
18
18
9
15
4
-3
-5
0
5
16
---------------------
Start Time: 137893
Finish Time: 142760
Total Time (in milli-seconds): 4867
---------------------
