---------------------
11
14
11
7
-1
1
10
12
19
21
18
6
8
6
6
12
14
12
8
7
3
1
4
11
13
16
20
17
14
6
12
9
11
15
14
4
3
0
-5
5
16
18
20
27
16
6
13
8
4
9
12
6
7
4
0
-2
8
15
13
22
25
19
12
11
6
6
17
15
13
6
5
0
-4
4
19
18
20
27
7
10
11
8
6
13
14
11
9
9
5
-3
13
14
10
21
24
9
8
11
3
15
16
17
16
11
6
-1
2
3
12
11
22
23
12
11
9
9
12
18
17
19
9
2
-1
0
7
11
14
15
23
14
13
13
12
12
14
16
14
8
-5
1
0
2
20
18
15
18
14
6
12
12
18
13
17
14
1
0
0
2
3
18
16
16
27
14
6
12
11
10
14
10
13
3
-1
5
2
7
18
21
13
23
10
1
3
10
11
17
23
16
5
1
3
2
10
14
12
17
17
9
6
11
8
10
17
20
16
6
3
0
2
3
14
16
15
16
11
9
6
15
17
14
13
13
6
6
4
1
2
14
19
10
12
10
3
7
19
21
13
21
14
1
-1
3
2
6
14
14
10
11
15
7
12
15
15
14
18
12
1
2
-2
3
5
18
16
16
13
8
6
9
17
12
16
17
10
4
2
3
5
12
11
18
15
3
10
3
2
24
23
16
24
11
3
3
4
2
5
12
16
10
6
14
1
7
25
25
20
24
13
-5
-1
5
2
4
18
16
9
10
12
9
9
20
18
14
19
12
-2
0
3
2
12
21
18
10
11
7
3
9
20
17
17
25
11
1
7
7
1
6
14
9
11
4
10
10
13
17
23
14
23
10
1
5
0
7
14
21
16
9
5
5
8
9
17
17
16
17
14
2
4
7
9
13
13
16
5
3
3
9
7
17
25
18
20
14
7
3
6
7
5
15
16
7
2
10
8
16
21
22
11
11
12
-2
4
8
4
14
22
15
11
8
8
9
4
19
20
15
11
5
0
5
11
12
14
17
15
4
7
8
5
9
21
24
16
19
9
2
4
5
6
10
13
10
-1
0
7
7
16
24
24
21
13
9
0
2
6
9
13
16
12
5
6
5
3
9
20
14
16
17
7
3
6
12
9
12
17
12
0
5
1
5
17
17
19
15
7
2
7
3
11
13
13
14
11
3
0
7
7
14
20
20
14
9
9
1
0
9
14
10
21
11
0
4
3
8
12
18
19
13
9
9
1
7
15
14
11
13
12
0
3
5
2
12
20
16
11
14
8
6
8
15
12
11
13
0
0
-2
7
10
17
24
23
15
14
4
-1
6
7
16
13
15
5
0
4
9
10
12
20
18
9
10
10
1
12
18
10
17
15
6
-1
2
4
6
15
22
19
11
10
3
4
8
16
15
13
14
4
1
-2
4
13
21
19
26
9
6
10
-1
6
11
14
10
11
5
3
2
9
12
16
24
23
11
9
8
0
9
17
12
16
8
4
2
0
7
18
12
21
23
5
10
7
1
10
19
16
14
11
3
0
-1
7
9
13
19
22
10
12
12
1
8
13
17
14
12
7
-1
-5
3
16
12
21
20
7
8
15
8
13
20
14
13
5
6
4
3
7
15
11
14
17
7
4
8
11
7
18
17
8
10
6
1
2
9
13
17
16
20
6
-1
8
4
11
19
24
12
7
5
0
2
7
12
11
14
15
10
8
12
6
11
19
16
8
3
7
-2
0
5
13
11
18
22
7
5
10
11
9
23
17
4
10
5
-1
2
6
12
14
15
19
7
5
16
10
14
18
15
6
4
3
2
1
5
14
14
18
17
11
2
11
13
9
21
20
6
-1
5
2
4
10
20
19
13
18
7
7
9
9
6
16
16
12
5
4
1
1
9
19
16
12
17
7
-1
10
14
12
19
26
10
4
5
-1
-2
15
15
10
21
14
4
7
13
12
16
24
17
9
3
5
0
5
13
11
12
16
13
4
11
6
8
14
21
21
14
6
2
0
-1
17
11
12
14
10
6
10
17
16
20
21
15
5
6
-2
0
1
4
17
13
13
11
9
6
8
21
19
16
20
8
-2
5
5
0
12
17
10
10
13
5
3
9
23
14
18
21
8
-1
2
2
0
12
19
13
12
14
4
5
10
12
15
13
21
7
1
8
5
1
11
14
8
13
11
5
9
16
13
14
19
10
8
0
5
2
7
19
16
10
12
8
4
5
7
10
15
19
19
12
7
4
7
4
9
12
8
6
11
7
10
15
18
20
13
17
7
-2
2
5
10
16
18
11
8
4
12
9
8
19
17
12
12
11
0
10
13
10
9
18
7
1
9
1
6
12
22
20
18
18
2
-2
2
9
9
12
14
12
0
14
12
4
18
23
19
13
13
0
-3
1
9
6
13
22
11
15
11
5
3
15
17
11
15
10
1
3
13
10
14
18
14
5
5
1
-3
9
18
21
21
20
10
8
8
3
6
9
11
8
9
5
4
7
10
18
24
20
16
14
2
4
3
2
10
13
16
9
4
7
6
6
19
22
15
15
13
5
6
9
9
18
10
10
9
0
5
12
7
11
20
15
17
17
8
0
2
14
10
11
17
12
-1
6
9
5
18
24
14
7
16
2
0
7
13
14
15
20
4
3
8
8
4
15
17
10
12
12
5
4
12
12
18
21
16
8
0
5
-1
6
15
18
15
18
15
1
8
9
12
17
16
6
6
0
6
8
7
14
20
17
15
15
7
6
9
10
13
14
14
5
0
3
6
7
17
19
13
11
10
9
3
16
14
13
12
13
2
-1
2
5
12
19
25
17
5
6
3
1
11
21
11
16
17
5
-1
10
7
4
17
18
13
8
12
3
3
14
23
16
17
15
-2
0
1
6
14
19
20
18
10
7
5
-1
13
16
13
17
17
1
-3
3
-1
12
22
19
16
15
10
8
6
10
16
8
16
11
4
3
7
6
10
18
20
17
3
6
2
5
13
18
16
14
13
6
2
4
4
12
17
15
12
7
4
5
5
20
20
15
17
16
4
1
2
7
7
10
18
13
9
5
9
8
12
22
14
14
16
6
-1
7
9
9
14
14
13
5
5
8
8
13
22
16
18
16
2
-1
3
10
10
17
19
11
2
2
2
2
15
20
22
16
16
8
0
6
9
9
10
13
9
6
6
8
7
14
21
16
17
15
11
-1
4
7
10
9
10
14
7
9
10
14
16
18
18
11
6
2
0
3
11
11
11
13
8
5
9
13
10
19
18
20
14
11
3
-1
5
11
8
9
17
7
6
5
9
12
17
21
17
12
8
7
0
7
18
9
10
12
7
0
8
10
14
22
27
15
10
10
0
-1
7
17
10
11
19
6
2
7
3
6
21
19
17
9
4
5
3
9
16
17
12
14
2
3
6
8
10
19
18
17
16
8
10
2
6
9
10
8
10
5
3
14
14
17
19
13
16
12
2
5
4
2
15
12
10
11
6
5
9
12
14
21
19
15
1
4
2
6
17
19
13
11
15
-1
0
5
8
13
21
23
19
13
0
4
3
9
16
14
8
10
8
-1
6
10
15
15
26
16
0
7
6
1
9
20
16
14
15
8
0
4
15
7
12
18
13
4
8
10
3
13
19
14
9
13
1
-2
10
15
12
12
23
9
5
10
6
5
14
11
12
11
7
7
-2
12
10
18
23
20
11
3
7
5
10
16
14
12
12
4
9
7
11
14
5
13
17
9
6
7
5
13
16
110
709
-238
-1254
131
692
-369
65
446
-159
111
237
-237
4
115
-133
-45
66
-54
75
68
-98
12
59
22
39
-29
-1
61
-9
7
-12
-25
19
35
22
16
31
3
-26
6
24
-1
21
21
3
14
7
8
24
6
13
35
0
-17
-2
-8
3
22
25
17
14
34
31
3
3
0
-9
9
12
9
8
7
10
18
20
20
5
2
3
-2
19
23
13
8
12
17
4
0
-4
3
20
24
18
21
2
-4
-3
7
25
18
24
23
0
0
4
0
-5
14
28
14
15
19
2
0
9
14
20
17
23
12
0
-3
-5
-2
12
18
18
23
16
12
6
4
9
7
15
18
13
3
7
-3
0
14
20
17
16
13
1
5
9
13
19
20
18
12
0
-5
-1
-1
8
18
22
20
17
13
2
6
10
7
12
23
12
4
6
1
-1
9
22
13
19
17
5
3
4
11
10
16
14
12
1
3
10
5
13
20
14
7
9
4
4
7
21
21
20
23
6
0
-4
-1
2
9
19
23
17
15
10
0
3
10
16
15
18
15
1
2
4
3
9
15
13
16
7
2
10
9
18
19
17
15
10
0
-3
3
3
13
18
17
14
11
3
5
13
16
19
16
16
9
-1
0
0
3
12
21
18
14
9
3
3
10
18
21
18
11
9
0
-2
5
3
5
18
18
13
11
6
9
11
19
16
16
16
6
1
-6
2
4
11
20
19
11
5
7
6
12
13
23
14
15
12
1
0
12
12
11
20
11
6
6
6
6
10
20
21
22
18
10
1
-1
6
7
8
14
13
7
8
6
11
16
20
25
17
14
2
-5
-7
6
9
16
25
23
11
7
11
5
14
24
17
13
15
6
-3
0
6
10
9
23
18
6
6
4
3
11
24
22
23
11
7
2
0
9
13
8
13
16
6
9
11
7
13
22
22
19
22
8
1
0
4
6
11
18
16
8
7
9
8
15
24
17
15
7
5
4
7
7
17
12
18
16
3
2
7
7
12
29
18
14
15
4
0
3
9
11
13
16
13
8
9
8
7
16
20
22
16
16
2
-5
1
7
13
18
18
14
8
6
13
13
13
25
16
13
12
7
3
8
12
12
14
13
12
4
7
5
10
16
22
21
14
16
7
4
6
13
13
14
12
9
3
0
11
13
13
22
16
15
15
7
4
10
13
17
15
16
8
4
4
9
4
9
22
19
14
8
6
4
10
13
19
14
11
9
0
0
8
11
16
25
24
11
13
10
2
4
14
10
11
11
5
1
0
10
11
18
24
26
15
10
6
2
0
2
14
12
13
12
5
1
11
14
14
23
17
6
5
8
5
8
18
12
10
12
9
-1
3
11
5
11
19
16
8
10
11
7
6
18
14
11
8
1
0
1
7
11
16
18
21
9
8
13
1
9
23
14
5
12
0
-1
8
7
12
15
17
15
12
8
11
8
15
23
12
12
7
-5
-2
1
1
13
19
18
22
12
8
9
12
7
15
16
9
3
0
3
5
11
12
18
24
19
10
6
4
6
15
12
16
7
4
4
3
0
12
16
14
25
17
11
3
5
7
7
18
20
7
0
2
-5
4
19
19
17
21
18
6
4
5
9
6
16
16
10
6
4
-2
2
19
16
22
20
14
8
5
5
6
13
18
21
12
8
6
-2
0
10
13
11
22
14
7
8
9
12
14
15
9
6
0
3
2
3
12
24
20
16
16
6
5
7
12
13
17
16
4
1
2
4
0
14
20
14
20
16
5
-1
9
13
13
18
19
3
0
3
-1
0
13
17
11
23
14
7
7
9
12
17
16
15
10
-2
5
0
3
18
15
16
18
12
3
8
11
9
10
19
15
5
4
4
1
2
18
15
13
18
13
6
5
14
9
16
16
11
6
1
0
1
6
13
25
13
18
14
6
6
10
12
13
21
13
7
2
3
3
5
16
20
13
11
9
4
10
9
12
12
13
16
10
3
4
8
0
11
21
7
9
11
8
6
17
24
18
22
17
6
4
9
6
9
13
19
12
12
15
6
8
17
23
22
27
16
2
0
-1
3
4
12
20
18
10
18
12
3
17
14
11
21
17
3
5
2
-3
5
13
19
8
12
10
7
9
18
16
13
20
7
1
0
2
4
12
16
17
10
8
14
7
9
15
14
12
22
14
2
5
1
5
9
15
15
7
8
7
1
9
19
16
21
20
17
4
3
3
1
7
12
12
8
9
9
6
10
19
19
19
19
14
5
-2
5
2
6
16
16
10
8
7
5
11
15
18
17
13
9
1
2
6
8
7
20
15
8
8
3
5
6
11
21
18
15
20
7
0
7
3
4
14
16
8
10
8
9
8
17
22
9
16
10
1
5
9
4
6
15
10
8
9
8
3
15
14
22
24
16
13
6
6
6
9
7
7
12
6
4
3
8
12
23
24
19
16
15
3
2
9
4
10
8
8
7
1
2
14
18
16
27
14
6
13
0
-6
8
13
10
20
16
7
3
10
5
8
17
20
12
9
14
0
1
11
10
16
20
18
0
0
4
7
7
20
19
12
10
12
3
2
13
8
12
9
14
4
4
9
5
12
19
20
14
15
12
0
1
6
8
15
19
13
8
3
6
5
12
19
18
16
13
6
7
7
6
16
12
6
11
2
3
2
12
16
17
22
15
8
9
8
-1
6
11
13
9
13
3
0
5
5
14
15
22
20
6
7
10
3
11
22
12
12
9
5
-6
1
11
10
16
24
20
9
13
7
-3
13
18
12
12
14
-2
-4
5
9
9
20
27
13
15
10
5
1
10
15
9
12
12
1
1
11
10
17
23
18
12
10
6
-3
6
10
10
11
14
10
3
10
4
11
20
18
21
15
6
3
4
4
10
15
15
7
5
2
0
1
15
22
18
25
15
5
13
7
4
9
14
8
8
5
2
-4
4
13
17
26
26
17
5
7
2
6
10
15
14
4
11
7
-2
4
14
7
22
23
8
9
11
6
6
16
19
13
11
9
1
-5
6
14
14
20
19
8
9
9
6
7
13
21
14
11
6
2
0
11
16
13
19
18
9
5
10
3
4
11
12
11
7
6
3
5
9
18
17
19
20
5
7
4
5
7
12
14
15
10
4
1
4
2
16
22
13
20
9
2
12
7
10
17
17
15
9
6
0
0
4
16
7
10
19
9
2
15
12
16
23
12
14
7
0
-5
-5
-1
18
15
14
23
9
4
13
14
14
17
18
10
5
3
0
-3
8
19
18
14
21
9
0
9
8
12
15
20
10
6
6
4
4
7
15
10
13
16
8
2
6
11
9
17
22
10
5
8
-1
4
14
15
17
13
15
4
1
10
10
12
15
15
9
8
5
2
3
13
12
14
17
11
8
1
6
14
15
20
20
9
8
3
-1
2
4
15
13
12
16
10
4
14
18
16
18
11
8
0
3
2
3
12
13
12
12
15
11
2
6
12
12
15
18
12
3
1
6
-1
14
24
10
12
11
3
0
10
14
17
12
17
10
3
13
8
3
11
11
7
14
8
7
10
9
18
19
16
13
7
-2
1
2
3
16
19
16
16
11
3
4
7
12
16
---------------------
Start Time: 711140
Finish Time: 717376
Total Time (in milli-seconds): 6236
---------------------
