2997 
 
2984 
 
2971 
 
2954 
 
2938 
 
2930 
 
2911 
 
2892 
 
2872 
 
2851 
 
2842 
 
2819 
 
2795 
 
2772 
 
2747 
 
2736 
 
2711 
 
2684 
 
2658 
 
2632 
 
2618 
 
2593 
 
2563 
 
2537 
 
2509 
 
2496 
 
2470 
 
2442 
 
2412 
 
2385 
 
2374 
 
2346 
 
2319 
 
2295 
 
2270 
 
2256 
 
2232 
 
2208 
 
2186 
 
2163 
 
2147 
 
2128 
 
2112 
 
2094 
 
2075 
 
2068 
 
2052 
 
2038 
 
2026 
 
2014 
 
2010 
 
2001 
 
1994 
 
1990 
 
1984 
 
1983 
 
1980 
 
1978 
 
1973 
 
1964 
 
1970 
 
1976 
 
1977 
 
1980 
 
1983 
 
1983 
 
1988 
 
1994 
 
2000 
 
2009 
 
2013 
 
2025 
 
2037 
 
2050 
 
2065 
 
2074 
 
2092 
 
2109 
 
2121 
 
2151 
 
2161 
 
2183 
 
2207 
 
2230 
 
2253 
 
2267 
 
2291 
 
2317 
 
2344 
 
2371 
 
2384 
 
2411 
 
2438 
 
2467 
 
2495 
 
2506 
 
2534 
 
2563 
 
2589 
 
2616 
 
2630 
 
2655 
 
2681 
 
2708 
 
2732 
 
2746 
 
2769 
 
2794 
 
2817 
 
2839 
 
2851 
 
2871 
 
2890 
 
2910 
 
2927 
 
2937 
 
2962 
 
2971 
 
2983 
 
2995 
 
3001 
 
3013 
 
3022 
 
3032 
 
3040 
 
3041 
 
3046 
 
3050 
 
3052 
 
3055 
 
3055 
 
3055 
 
3053 
 
3048 
 
3046 
 
3050 
 
3037 
 
3026 
 
3017 
 
3006 
 
2999 
 
2987 
 
2973 
 
2958 
 
2943 
 
2934 
 
2917 
 
2898 
 
2879 
 
2858 
 
2847 
 
2825 
 
2802 
 
2778 
 
2759 
 
2743 
 
2718 
 
2691 
 
2665 
 
2640 
 
2625 
 
2599 
 
2573 
 
2545 
 
2516 
 
2504 
 
2476 
 
2450 
 
2423 
 
2395 
 
2380 
 
2354 
 
2328 
 
2299 
 
2278 
 
2265 
 
2240 
 
2218 
 
2195 
 
2170 
 
2161 
 
2139 
 
2119 
 
2100 
 
2081 
 
2074 
 
2057 
 
2042 
 
2029 
 
2018 
 
2014 
 
2005 
 
1987 
 
1991 
 
1986 
 
1984 
 
1982 
 
1980 
 
1977 
 
1976 
 
1976 
 
1977 
 
1978 
 
1978 
 
1981 
 
1984 
 
1988 
 
1993 
 
2000 
 
2007 
 
2011 
 
2011 
 
2031 
 
2046 
 
2060 
 
2070 
 
2085 
 
2104 
 
2124 
 
2143 
 
2156 
 
2177 
 
2199 
 
2223 
 
2248 
 
2259 
 
2284 
 
2310 
 
2336 
 
2361 
 
2375 
 
2401 
 
2429 
 
2457 
 
2483 
 
2498 
 
2524 
 
2552 
 
2578 
 
2606 
 
2621 
 
2647 
 
2674 
 
2698 
 
2725 
 
2737 
 
2760 
 
2785 
 
2809 
 
2837 
 
2846 
 
2862 
 
2883 
 
2903 
 
2922 
 
2930 
 
2947 
 
2962 
 
2976 
 
2992 
 
2998 
 
3009 
 
3018 
 
3028 
 
3037 
 
3039 
 
3046 
 
3050 
 
3065 
 
3055 
 
3056 
 
3056 
 
3053 
 
3049 
 
3046 
 
3043 
 
3037 
 
3030 
 
3019 
 
3009 
 
3005 
 
2992 
 
2978 
 
2964 
 
2949 
 
2940 
 
2922 
 
2912 
 
2887 
 
2865 
 
2854 
 
2833 
 
2810 
 
2787 
 
2763 
 
2751 
 
2726 
 
2702 
 
2676 
 
2649 
 
2634 
 
2608 
 
2580 
 
2554 
 
2526 
 
2512 
 
2487 
 
2457 
 
2431 
 
2405 
 
2390 
 
2365 
 
2336 
 
2311 
 
2286 
 
2272 
 
2249 
 
2225 
 
2200 
 
2178 
 
2165 
 
2144 
 
2125 
 
2106 
 
2087 
 
2073 
 
2059 
 
2047 
 
2034 
 
2022 
 
2016 
 
2008 
 
2000 
 
1993 
 
1987 
 
1985 
 
1981 
 
1978 
 
1979 
 
1976 
 
1976 
 
1976 
 
1976 
 
1977 
 
1969 
 
1978 
 
1986 
 
1991 
 
1997 
 
2004 
 
2009 
 
2018 
 
2030 
 
2042 
 
2055 
 
2064 
 
2080 
 
2099 
 
2118 
 
2138 
 
2148 
 
2170 
 
2192 
 
2210 
 
2239 
 
2252 
 
2276 
 
2301 
 
2328 
 
2353 
 
2366 
 
2394 
 
2421 
 
2449 
 
2474 
 
2490 
 
2516 
 
2543 
 
2571 
 
2599 
 
2612 
 
2639 
 
2669 
 
2692 
 
2716 
 
2731 
 
2753 
 
2779 
 
2802 
 
2825 
 
2835 
 
2856 
 
2877 
 
2898 
 
2917 
 
2925 
 
2942 
 
2959 
 
2973 
 
2987 
 
2993 
 
3015 
 
3018 
 
3025 
 
3034 
 
3038 
 
3043 
 
3048 
 
3053 
 
3055 
 
3054 
 
3054 
 
3053 
 
3051 
 
3047 
 
3043 
 
3039 
 
3030 
 
3022 
 
3016 
 
3017 
 
2997 
 
2981 
 
2969 
 
2952 
 
2945 
 
2928 
 
2910 
 
2890 
 
2871 
 
2859 
 
2839 
 
2817 
 
2794 
 
2771 
 
2758 
 
2735 
 
2708 
 
2681 
 
2658 
 
2645 
 
2617 
 
2589 
 
2562 
 
2536 
 
2520 
 
2494 
 
2468 
 
2441 
 
2412 
 
2398 
 
2371 
 
2346 
 
2320 
 
2294 
 
2281 
 
2256 
 
2231 
 
2200 
 
2185 
 
2173 
 
2152 
 
2133 
 
2111 
 
2092 
 
2085 
 
2068 
 
2053 
 
2039 
 
2026 
 
2020 
 
2009 
 
2002 
 
1996 
 
1990 
 
1987 
 
1983 
 
1969 
 
1977 
 
1977 
 
1976 
 
1975 
 
1977 
 
1978 
 
1981 
 
1982 
 
1984 
 
1991 
 
1995 
 
2002 
 
2006 
 
2015 
 
2025 
 
2038 
 
2052 
 
2059 
 
2068 
 
2092 
 
2111 
 
2131 
 
2142 
 
2163 
 
2185 
 
2208 
 
2230 
 
2244 
 
2268 
 
2292 
 
2318 
 
2345 
 
2358 
 
2384 
 
2412 
 
2439 
 
2466 
 
2479 
 
2507 
 
2535 
 
2561 
 
2588 
 
2602 
 
2629 
 
2657 
 
2683 
 
2709 
 
2721 
 
2746 
 
2770 
 
2794 
 
2816 
 
2828 
 
2851 
 
2870 
 
2890 
 
2918 
 
2924 
 
2937 
 
2953 
 
2968 
 
2982 
 
2988 
 
3001 
 
3013 
 
3022 
 
3030 
 
3036 
 
3042 
 
3048 
 
3051 
 
3053 
 
3054 
 
3055 
 
3054 
 
3063 
 
3049 
 
3047 
 
3041 
 
3033 
 
3026 
 
3017 
 
3012 
 
3000 
 
2988 
 
2974 
 
2958 
 
2951 
 
2934 
 
2917 
 
2897 
 
2879 
 
2868 
 
2848 
 
2833 
 
2803 
 
2778 
 
2766 
 
2742 
 
2716 
 
2691 
 
2666 
 
2652 
 
2625 
 
2597 
 
2571 
 
2545 
 
2530 
 
2502 
 
2476 
 
2448 
 
2421 
 
2408 
 
2378 
 
2353 
 
2327 
 
2300 
 
2289 
 
2264 
 
2239 
 
2215 
 
2192 
 
2181 
 
2160 
 
2137 
 
2117 
 
2098 
 
2091 
 
2072 
 
2056 
 
2042 
 
2027 
 
2014 
 
2010 
 
2004 
 
1997 
 
1990 
 
1988 
 
1983 
 
1980 
 
1977 
 
1977 
 
1975 
 
1975 
 
1976 
 
1977 
 
1979 
 
1980 
 
1983 
 
1987 
 
1992 
 
1989 
 
1997 
 
2011 
 
2020 
 
2033 
 
2046 
 
2054 
 
2071 
 
2086 
 
2105 
 
2124 
 
2135 
 
2156 
 
2177 
 
2199 
 
2223 
 
2237 
 
2259 
 
2285 
 
2306 
 
2336 
 
2350 
 
2377 
 
2404 
 
2430 
 
2460 
 
2472 
 
2499 
 
2524 
 
2553 
 
2581 
 
2595 
 
2622 
 
2647 
 
2675 
 
2701 
 
2713 
 
2738 
 
2768 
 
2788 
 
2812 
 
2821 
 
2843 
 
2864 
 
2885 
 
2904 
 
2915 
 
2931 
 
2949 
 
2964 
 
2979 
 
2985 
 
2999 
 
3010 
 
3020 
 
3028 
 
3034 
 
3050 
 
3049 
 
3049 
 
3054 
 
3053 
 
3054 
 
3053 
 
3054 
 
3050 
 
3048 
 
3043 
 
3036 
 
3029 
 
3020 
 
3013 
 
3004 
 
2991 
 
2978 
 
2963 
 
2963 
 
2941 
 
2921 
 
2902 
 
2885 
 
2873 
 
2853 
 
2831 
 
2810 
 
2787 
 
2773 
 
2750 
 
2725 
 
2699 
 
2673 
 
2660 
 
2634 
 
2607 
 
2580 
 
2552 
 
2539 
 
2511 
 
2484 
 
2458 
 
2430 
 
2415 
 
2389 
 
2363 
 
2336 
 
2310 
 
2297 
 
2272 
 
2248 
 
2222 
 
2201 
 
2188 
 
2165 
 
2146 
 
2117 
 
2106 
 
2095 
 
2078 
 
2059 
 
2046 
 
2034 
 
2027 
 
2017 
 
2007 
 
1999 
 
1992 
 
1991 
 
1986 
 
1982 
 
1980 
 
1977 
 
1976 
 
1975 
 
1965 
 
1976 
 
1978 
 
1980 
 
1983 
 
1986 
 
1992 
 
1998 
 
2000 
 
2008 
 
2019 
 
2029 
 
2043 
 
2049 
 
2065 
 
2083 
 
2100 
 
2119 
 
2128 
 
2142 
 
2171 
 
2193 
 
2216 
 
2228 
 
2252 
 
2277 
 
2301 
 
2328 
 
2342 
 
2368 
 
2395 
 
2421 
 
2448 
 
2463 
 
2490 
 
2515 
 
2545 
 
2572 
 
2587 
 
2613 
 
2639 
 
2665 
 
2692 
 
2705 
 
2730 
 
2755 
 
2779 
 
2803 
 
2814 
 
2836 
 
2858 
 
2878 
 
2899 
 
2907 
 
2925 
 
2942 
 
2959 
 
2982 
 
2987 
 
2993 
 
3005 
 
3017 
 
3026 
 
3030 
 
3037 
 
3044 
 
3049 
 
3052 
 
3053 
 
3054 
 
3055 
 
3054 
 
3052 
 
3049 
 
3044 
 
3040 
 
3043 
 
3024 
 
3018 
 
3007 
 
2996 
 
2982 
 
2968 
 
2962 
 
2945 
 
2928 
 
2910 
 
2891 
 
2881 
 
2860 
 
2840 
 
2817 
 
2796 
 
2781 
 
2757 
 
2737 
 
2709 
 
2683 
 
2668 
 
2644 
 
2616 
 
2589 
 
2562 
 
2547 
 
2520 
 
2494 
 
2467 
 
2439 
 
2426 
 
2398 
 
2372 
 
2344 
 
2317 
 
2305 
 
2276 
 
2254 
 
2229 
 
2207 
 
2194 
 
2173 
 
2151 
 
2130 
 
2111 
 
2101 
 
2084 
 
2065 
 
2051 
 
2037 
 
2032 
 
2019 
 
2009 
 
2000 
 
1993 
 
1983 
 
1981 
 
1982 
 
1980 
 
1978 
 
1976 
 
1976 
 
1976 
 
1976 
 
1978 
 
1978 
 
1981 
 
1984 
 
1989 
 
1995 
 
1998 
 
2005 
 
2015 
 
2025 
 
2029 
 
2039 
 
2059 
 
2076 
 
2093 
 
2112 
 
2122 
 
2142 
 
2162 
 
2185 
 
2209 
 
2221 
 
2243 
 
2269 
 
2294 
 
2321 
 
2332 
 
2360 
 
2387 
 
2412 
 
2441 
 
2454 
 
2483 
 
2508 
 
2536 
 
2563 
 
2576 
 
2604 
 
2631 
 
2659 
 
2684 
 
2698 
 
2723 
 
2747 
 
2772 
 
2796 
 
2807 
 
2828 
 
2858 
 
2874 
 
2893 
 
2902 
 
2922 
 
2939 
 
2955 
 
2970 
 
2976 
 
2991 
 
3002 
 
3014 
 
3023 
 
3028 
 
3034 
 
3043 
 
3049 
 
3051 
 
3053 
 
3064 
 
3057 
 
3055 
 
3051 
 
3051 
 
3047 
 
3040 
 
3033 
 
3024 
 
3021 
 
3010 
 
2999 
 
2987 
 
2973 
 
2964 
 
2950 
 
2933 
 
2916 
 
2898 
 
2892 
 
2868 
 
2845 
 
2823 
 
2800 
 
2790 
 
2766 
 
2741 
 
2716 
 
2689 
 
2676 
 
2650 
 
2624 
 
2597 
 
2570 
 
2555 
 
2529 
 
2501 
 
2473 
 
2445 
 
2433 
 
2405 
 
2379 
 
2353 
 
2326 
 
2315 
 
2288 
 
2261 
 
2237 
 
2214 
 
2203 
 
2180 
 
2158 
 
2136 
 
2118 
 
2107 
 
2090 
 
2071 
 
2047 
 
2042 
 
2035 
 
2023 
 
2013 
 
2003 
 
1997 
 
1993 
 
1988 
 
1984 
 
1980 
 
1978 
 
1978 
 
1977 
 
1976 
 
1976 
 
1976 
 
1979 
 
1980 
 
1973 
 
1987 
 
1993 
 
1995 
 
2004 
 
2012 
 
2022 
 
2034 
 
2041 
 
2055 
 
2071 
 
2088 
 
2107 
 
2114 
 
2136 
 
2157 
 
2177 
 
2201 
 
2212 
 
2230 
 
2261 
 
2286 
 
2312 
 
2324 
 
2352 
 
2379 
 
2405 
 
2432 
 
2444 
 
2472 
 
2500 
 
2527 
 
2554 
 
2567 
 
2595 
 
2622 
 
2648 
 
2676 
 
2691 
 
2716 
 
2738 
 
2763 
 
2788 
 
2798 
 
2821 
 
2844 
 
2865 
 
2886 
 
2894 
 
2914 
 
2932 
 
2949 
 
2965 
 
2971 
 
2985 
 
2998 
 
3011 
 
3030 
 
3031 
 
3033 
 
3041 
 
3047 
 
3050 
 
3052 
 
3053 
 
3055 
 
3053 
 
3053 
 
3051 
 
3048 
 
3043 
 
3036 
 
3030 
 
3023 
 
3014 
 
3004 
 
3000 
 
2979 
 
2970 
 
2956 
 
2939 
 
2922 
 
2904 
 
2894 
 
2876 
 
2854 
 
2832 
 
2808 
 
2798 
 
2774 
 
2750 
 
2726 
 
2700 
 
2687 
 
2660 
 
2635 
 
2606 
 
2580 
 
2564 
 
2536 
 
2509 
 
2483 
 
2456 
 
2442 
 
2414 
 
2388 
 
2361 
 
2336 
 
2321 
 
2295 
 
2271 
 
2247 
 
2221 
 
2210 
 
2181 
 
2164 
 
2143 
 
2122 
 
2113 
 
2094 
 
2077 
 
2060 
 
2045 
 
2039 
 
2026 
 
2015 
 
2006 
 
1999 
 
1995 
 
1990 
 
1984 
 
1980 
 
1975 
 
1969 
 
1973 
 
1976 
 
1975 
 
1977 
 
1978 
 
1980 
 
1982 
 
1986 
 
1989 
 
1994 
 
1999 
 
2010 
 
2018 
 
2031 
 
2036 
 
2049 
 
2064 
 
2083 
 
2092 
 
2107 
 
2128 
 
2150 
 
2171 
 
2194 
 
2205 
 
2229 
 
2254 
 
2277 
 
2304 
 
2315 
 
2343 
 
2369 
 
2397 
 
2423 
 
2437 
 
2465 
 
2494 
 
2519 
 
2546 
 
2561 
 
2587 
 
2613 
 
2641 
 
2668 
 
2680 
 
2706 
 
2732 
 
2756 
 
2780 
 
2793 
 
2815 
 
2837 
 
2859 
 
2881 
 
2890 
 
2908 
 
2937 
 
2946 
 
2961 
 
2967 
 
2982 
 
2995 
 
3007 
 
3018 
 
3022 
 
3031 
 
3038 
 
3045 
 
3051 
 
3052 
 
3053 
 
3057 
 
3055 
 
3054 
 
3053 
 
3059 
 
3047 
 
3039 
 
3031 
 
3027 
 
3017 
 
3006 
 
2994 
 
2982 
 
2975 
 
2960 
 
2945 
 
2926 
 
2908 
 
2901 
 
2880 
 
2861 
 
2839 
 
2819 
 
2811 
 
2782 
 
2756 
 
2732 
 
2709 
 
2694 
 
2669 
 
2641 
 
2613 
 
2587 
 
2571 
 
2545 
 
2519 
 
2493 
 
2465 
 
2451 
 
2423 
 
2396 
 
2370 
 
2340 
 
2328 
 
2304 
 
2279 
 
2253 
 
2229 
 
2218 
 
2194 
 
2173 
 
2148 
 
2129 
 
2119 
 
2100 
 
2081 
 
2065 
 
2050 
 
2044 
 
2029 
 
2018 
 
1999 
 
2002 
 
1997 
 
1991 
 
1987 
 
1983 
 
1979 
 
1979 
 
1977 
 
1976 
 
1975 
 
1976 
 
1977 
 
1979 
 
1982 
 
1984 
 
1989 
 
1992 
 
1998 
 
1996 
 
2014 
 
2027 
 
2031 
 
2046 
 
2060 
 
2076 
 
2095 
 
2103 
 
2122 
 
2142 
 
2165 
 
2187 
 
2197 
 
2221 
 
2244 
 
2269 
 
2296 
 
2307 
 
2332 
 
2359 
 
2386 
 
2414 
 
2427 
 
2456 
 
2483 
 
2508 
 
2536 
 
2551 
 
2579 
 
2605 
 
2631 
 
2659 
 
2671 
 
2699 
 
2723 
 
2747 
 
2773 
 
2788 
 
2810 
 
2832 
 
2852 
 
2875 
 
2882 
 
2903 
 
2920 
 
2938 
 
2955 
 
2962 
 
2978 
 
2991 
 
3004 
 
3015 
 
3018 
 
3029 
 
3037 
 
3044 
 
3058 
 
3055 
 
3054 
 
3056 
 
3056 
 
3055 
 
3055 
 
3051 
 
3047 
 
3041 
 
3034 
 
3031 
 
3021 
 
3012 
 
2999 
 
2987 
 
2979 
 
2966 
 
2951 
 
2942 
 
2916 
 
2906 
 
2887 
 
2867 
 
2846 
 
2824 
 
2813 
 
2790 
 
2766 
 
2741 
 
2715 
 
2702 
 
2677 
 
2650 
 
2624 
 
2596 
 
2583 
 
2556 
 
2530 
 
2500 
 
2475 
 
2459 
 
2432 
 
2406 
 
2378 
 
2351 
 
2339 
 
2313 
 
2286 
 
2261 
 
2238 
 
2225 
 
2202 
 
2179 
 
2156 
 
2137 
 
2125 
 
2098 
 
2087 
 
2071 
 
2054 
 
2048 
 
2034 
 
2021 
 
2010 
 
2002 
 
1999 
 
1993 
 
1987 
 
1984 
 
1981 
 
1978 
 
1977 
 
1975 
 
1975 
 
1973 
 
1968 
 
1974 
 
1979 
 
1982 
 
1987 
 
1990 
 
1996 
 
2003 
 
2012 
 
2022 
 
2028 
 
2041 
 
2053 
 
2070 
 
2088 
 
2097 
 
2116 
 
2135 
 
2155 
 
2172 
 
2187 
 
2212 
 
2238 
 
2262 
 
2287 
 
2299 
 
2325 
 
2352 
 
2379 
 
2404 
 
2421 
 
2446 
 
2473 
 
2500 
 
2527 
 
2543 
 
2570 
 
2598 
 
2626 
 
2651 
 
2663 
 
2690 
 
2716 
 
2741 
 
2765 
 
2777 
 
2802 
 
2824 
 
2846 
 
2868 
 
2877 
 
2897 
 
2916 
 
2934 
 
2950 
 
2958 
 
2974 
 
2998 
 
3001 
 
3011 
 
3016 
 
3026 
 
3034 
 
3041 
 
3047 
 
3049 
 
3052 
 
3055 
 
3055 
 
3055 
 
3054 
 
3051 
 
3048 
 
3044 
 
3037 
 
3031 
 
3034 
 
3015 
 
3002 
 
2991 
 
2982 
 
2969 
 
2955 
 
2937 
 
2921 
 
2912 
 
2894 
 
2873 
 
2852 
 
2830 
 
2819 
 
2797 
 
2773 
 
2748 
 
2724 
 
2712 
 
2686 
 
2658 
 
2632 
 
2605 
 
2591 
 
2564 
 
2536 
 
2509 
 
2482 
 
2469 
 
2440 
 
2412 
 
2387 
 
2361 
 
2346 
 
2320 
 
2295 
 
2269 
 
2239 
 
2229 
 
2209 
 
2186 
 
2164 
 
2143 
 
2132 
 
2112 
 
2093 
 
2076 
 
2060 
 
2051 
 
2038 
 
2027 
 
2016 
 
2007 
 
2002 
 
1996 
 
1989 
 
1974 
 
1981 
 
1979 
 
1978 
 
1977 
 
1975 
 
1975 
 
1976 
 
1976 
 
1980 
 
1981 
 
1986 
 
1988 
 
1993 
 
2000 
 
2009 
 
2018 
 
2025 
 
2036 
 
2040 
 
2065 
 
2083 
 
2092 
 
2110 
 
2129 
 
2150 
 
2173 
 
2183 
 
2207 
 
2231 
 
2254 
 
2279 
 
2291 
 
2318 
 
2343 
 
2370 
 
2398 
 
2410 
 
2438 
 
2465 
 
2493 
 
2518 
 
2533 
 
2560 
 
2587 
 
2614 
 
2642 
 
2654 
 
2680 
 
2707 
 
2732 
 
2757 
 
2769 
 
2792 
 
2817 
 
2838 
 
2860 
 
2876 
 
2892 
 
2909 
 
2927 
 
2945 
 
2952 
 
2968 
 
2982 
 
2996 
 
3007 
 
3014 
 
3023 
 
3031 
 
3039 
 
3045 
 
3047 
 
3051 
 
3054 
 
3056 
 
3066 
 
3060 
 
3052 
 
3050 
 
3045 
 
3037 
 
3035 
 
3026 
 
3018 
 
3008 
 
2995 
 
2988 
 
2975 
 
2961 
 
2944 
 
2929 
 
2917 
 
2899 
 
2881 
 
2866 
 
2838 
 
2827 
 
2805 
 
2780 
 
2754 
 
2731 
 
2719 
 
2694 
 
2668 
 
2641 
 
2614 
 
2600 
 
2572 
 
2545 
 
2517 
 
2492 
 
2479 
 
2450 
 
2422 
 
2396 
 
2369 
 
2355 
 
2329 
 
2304 
 
2279 
 
2253 
 
2241 
 
2216 
 
2193 
 
2170 
 
2150 
 
2138 
 
2118 
 
2100 
 
2081 
 
2064 
 
2057 
 
2034 
 
2027 
 
2018 
 
2009 
 
2003 
 
1996 
 
1990 
 
1986 
 
1982 
 
1981 
 
1978 
 
1976 
 
1975 
 
1976 
 
1975 
 
1977 
 
1977 
 
1980 
 
1981 
 
1978 
 
1990 
 
1998 
 
2006 
 
2016 
 
2020 
 
2032 
 
2045 
 
2059 
 
2076 
 
2086 
 
2104 
 
2122 
 
2142 
 
2165 
 
2176 
 
2199 
 
2222 
 
2245 
 
2266 
 
2282 
 
2309 
 
2335 
 
2361 
 
2390 
 
2401 
 
2430 
 
2457 
 
2484 
 
2511 
 
2524 
 
2552 
 
2580 
 
2606 
 
2634 
 
2647 
 
2674 
 
2699 
 
2729 
 
2748 
 
2762 
 
2785 
 
2810 
 
2832 
 
2853 
 
2865 
 
2885 
 
2905 
 
2922 
 
2940 
 
2949 
 
2963 
 
2979 
 
2993 
 
3004 
 
3010 
 
3020 
 
3040 
 
3039 
 
3044 
 
3046 
 
3050 
 
3052 
 
3056 
 
3054 
 
3056 
 
3053 
 
3051 
 
3047 
 
3039 
 
3036 
 
3030 
 
3020 
 
3009 
 
2999 
 
2992 
 
2989 
 
2966 
 
2948 
 
2932 
 
2924 
 
2904 
 
2886 
 
2865 
 
2843 
 
2832 
 
2810 
 
2786 
 
2763 
 
2739 
 
2727 
 
2701 
 
2674 
 
2649 
 
2623 
 
2609 
 
2580 
 
2554 
 
2526 
 
2499 
 
2486 
 
2459 
 
2431 
 
2403 
 
2377 
 
2364 
 
2337 
 
2310 
 
2286 
 
2260 
 
2248 
 
2225 
 
2200 
 
2178 
 
2150 
 
2142 
 
2126 
 
2107 
 
2088 
 
2071 
 
2062 
 
2047 
 
2034 
 
2021 
 
2013 
 
2007 
 
1999 
 
1994 
 
1988 
 
1984 
 
1981 
 
1979 
 
1976 
 
1966 
 
1975 
 
1975 
 
1977 
 
1979 
 
1981 
 
1985 
 
1985 
 
1991 
 
1995 
 
2003 
 
2013 
 
2018 
 
2029 
 
2041 
 
2056 
 
2072 
 
2080 
 
2098 
 
2112 
 
2136 
 
2158 
 
2169 
 
2192 
 
2216 
 
2238 
 
2263 
 
2275 
 
2299 
 
2327 
 
2353 
 
2380 
 
2394 
 
2420 
 
2448 
 
2475 
 
2503 
 
2514 
 
2543 
 
2571 
 
2596 
 
2624 
 
2638 
 
2665 
 
2691 
 
2716 
 
2741 
 
2754 
 
2778 
 
2801 
 
2823 
 
2845 
 
2857 
 
2876 
 
2897 
 
2915 
 
2935 
 
2950 
 
2962 
 
2974 
 
2988 
 
3000 
 
3006 
 
3016 
 
3025 
 
3034 
 
3040 
 
3044 
 
3049 
 
3051 
 
3054 
 
3056 
 
3055 
 
3054 
 
3052 
 
3048 
 
3054 
 
3044 
 
3033 
 
3024 
 
3014 
 
3003 
 
2996 
 
2985 
 
2971 
 
2955 
 
2938 
 
2930 
 
2911 
 
2892 
 
2872 
 
2852 
 
2841 
 
2819 
 
2797 
 
2778 
 
2748 
 
2734 
 
2710 
 
2685 
 
2658 
 
2631 
 
2618 
 
2589 
 
2563 
 
2536 
 
2510 
 
2496 
 
2467 
 
2439 
 
2412 
 
2387 
 
2373 
 
2345 
 
2316 
 
2294 
 
2269 
 
2255 
 
2233 
 
2208 
 
2185 
 
2163 
 
2151 
 
2131 
 
2111 
 
2093 
 
2074 
 
2068 
 
2052 
 
2038 
 
2025 
 
2014 
 
2010 
 
1991 
 
1991 
 
1988 
 
1983 
 
1982 
 
1980 
 
1977 
 
1975 
 
1974 
 
1975 
 
1974 
 
1977 
 
1978 
 
1982 
 
1984 
 
1989 
 
1995 
 
2001 
 
2005 
 
2005 
 
2021 
 
2038 
 
2049 
 
2066 
 
2074 
 
2092 
 
2110 
 
2129 
 
2150 
 
2162 
 
2184 
 
2207 
 
2231 
 
2256 
 
2267 
 
2292 
 
2318 
 
2343 
 
2367 
 
2384 
 
2413 
 
2439 
 
2468 
 
2493 
 
2506 
 
2535 
 
2562 
 
2589 
 
2617 
 
2630 
 
2656 
 
2683 
 
2709 
 
2734 
 
2747 
 
2771 
 
2794 
 
2825 
 
2841 
 
2851 
 
2871 
 
2893 
 
2911 
 
2929 
 
2937 
 
2954 
 
2969 
 
2984 
 
2996 
 
3003 
 
3013 
 
3025 
 
3032 
 
3039 
 
3042 
 
3048 
 
3062 
 
3056 
 
3056 
 
3056 
 
3055 
 
3053 
 
3049 
 
3044 
 
3041 
 
3035 
 
3026 
 
3017 
 
3007 
 
3001 
 
2988 
 
2973 
 
2959 
 
2943 
 
2934 
 
2925 
 
2900 
 
2879 
 
2857 
 
2847 
 
2825 
 
2801 
 
2778 
 
2755 
 
2742 
 
2717 
 
2691 
 
2666 
 
2639 
 
2625 
 
2597 
 
2570 
 
2544 
 
2517 
 
2504 
 
2477 
 
2448 
 
2420 
 
2394 
 
2381 
 
2354 
 
2328 
 
2302 
 
2277 
 
2264 
 
2240 
 
2217 
 
2193 
 
2170 
 
2159 
 
2138 
 
2118 
 
2098 
 
2073 
 
2066 
 
2056 
 
2042 
 
2029 
 
2019 
 
2012 
 
2005 
 
1997 
 
1989 
 
1985 
 
1984 
 
1980 
 
1978 
 
1977 
 
1975 
 
1976 
 
1976 
 
1976 
 
1967 
 
1980 
 
1983 
 
1986 
 
1992 
 
1999 
 
2005 
 
2012 
 
2022 
 
2032 
 
2046 
 
2061 
 
2070 
 
2086 
 
2104 
 
2125 
 
2145 
 
2155 
 
2177 
 
2193 
 
2221 
 
2246 
 
2259 
 
2285 
 
2310 
 
2335 
 
2363 
 
2377 
 
2404 
 
2428 
 
2458 
 
2486 
 
2497 
 
2526 
 
2554 
 
2579 
 
2607 
 
2621 
 
2650 
 
2675 
 
2700 
 
2726 
 
2737 
 
2763 
 
2786 
 
2811 
 
2833 
 
2842 
 
2864 
 
2885 
 
2904 
 
2921 
 
2932 
 
2948 
 
2963 
 
2977 
 
2993 
 
3007 
 
3012 
 
3020 
 
3029 
 
3036 
 
3040 
 
3045 
 
3051 
 
3052 
 
3055 
 
3055 
 
3055 
 
3054 
 
3050 
 
3046 
 
3044 
 
3038 
 
3030 
 
3022 
 
3021 
 
3008 
 
2991 
 
2979 
 
2965 
 
2949 
 
2940 
 
2923 
 
2904 
 
2886 
 
2865 
 
2855 
 
2833 
 
2810 
 
2787 
 
2763 
 
2752 
 
2726 
 
2701 
 
2679 
 
2649 
 
2635 
 
2608 
 
2581 
 
2553 
 
2525 
 
2513 
 
2487 
 
2458 
 
2432 
 
2402 
 
2390 
 
2361 
 
2336 
 
2310 
 
2285 
 
2272 
 
2247 
 
2218 
 
2198 
 
2176 
 
2166 
 
2145 
 
2123 
 
2106 
 
2086 
 
2078 
 
2061 
 
2045 
 
2033 
 
2021 
 
2017 
 
2008 
 
1996 
 
1991 
 
1987 
 
1982 
 
1969 
 
1976 
 
1977 
 
1976 
 
1973 
 
1975 
 
1976 
 
1976 
 
1978 
 
1983 
 
1985 
 
1989 
 
1996 
 
2004 
 
2007 
 
2015 
 
2028 
 
2042 
 
2056 
 
2057 
 
2077 
 
2099 
 
2117 
 
2139 
 
2148 
 
2170 
 
2193 
 
2216 
 
2239 
 
2251 
 
2276 
 
2300 
 
2328 
 
2354 
 
2368 
 
2393 
 
2420 
 
2448 
 
2475 
 
2490 
 
2516 
 
2545 
 
2573 
 
2598 
 
2613 
 
2638 
 
2667 
 
2692 
 
2719 
 
2729 
 
2754 
 
2779 
 
2804 
 
2826 
 
2837 
 
2859 
 
2880 
 
2907 
 
2916 
 
2926 
 
2944 
 
2960 
 
2974 
 
2988 
 
2995 
 
3006 
 
3016 
 
3027 
 
3035 
 
3038 
 
3045 
 
3048 
 
3052 
 
3055 
 
3054 
 
3054 
 
3065 
 
3054 
 
3048 
 
3045 
 
3039 
 
3033 
 
3024 
 
3013 
 
3009 
 
2995 
 
2984 
 
2969 
 
2954 
 
2946 
 
2929 
 
2909 
 
2891 
 
2871 
 
2861 
 
2846 
 
2818 
 
2793 
 
2772 
 
2758 
 
2734 
 
2709 
 
2683 
 
2656 
 
2642 
 
2617 
 
2589 
 
2561 
 
2534 
 
2520 
 
2494 
 
2465 
 
2439 
 
2411 
 
2397 
 
2370 
 
2345 
 
2319 
 
2292 
 
2281 
 
2255 
 
2231 
 
2206 
 
2184 
 
2173 
 
2151 
 
2131 
 
2111 
 
2093 
 
2083 
 
2068 
 
2051 
 
2037 
 
2016 
 
2014 
 
2010 
 
2000 
 
1995 
 
1988 
 
1987 
 
1984 
 
1980 
 
1977 
 
1977 
 
1975 
 
1975 
 
1976 
 
1978 
 
1980 
 
1980 
 
1984 
 
1987 
 
1983 
 
2001 
 
2005 
 
2015 
 
2025 
 
2038 
 
2053 
 
2058 
 
2075 
 
2092 
 
2111 
 
2131 
 
2142 
 
2165 
 
2186 
 
2209 
 
2232 
 
2244 
 
2268 
 
2290 
 
2318 
 
2345 
 
2359 
 
2384 
 
2413 
 
2440 
 
2466 
 
2482 
 
2506 
 
2534 
 
2562 
 
2590 
 
2602 
 
2630 
 
2658 
 
2684 
 
2709 
 
2721 
 
2751 
 
2773 
 
2794 
 
2817 
 
2829 
 
2850 
 
2871 
 
2891 
 
2912 
 
2920 
 
2937 
 
2954 
 
2968 
 
2983 
 
2990 
 
3004 
 
3015 
 
3023 
 
3033 
 
3045 
 
3046 
 
3047 
 
3051 
 
3054 
 
3056 
 
3055 
 
3054 
 
3052 
 
3049 
 
3046 
 
3042 
 
3035 
 
3026 
 
3017 
 
3011 
 
3001 
 
2988 
 
2975 
 
2969 
 
2955 
 
2936 
 
2917 
 
2898 
 
2879 
 
2869 
 
2847 
 
2825 
 
2802 
 
2780 
 
2767 
 
2744 
 
2718 
 
2691 
 
2665 
 
2652 
 
2624 
 
2599 
 
2571 
 
2544 
 
2530 
 
2503 
 
2475 
 
2448 
 
2420 
 
2407 
 
2380 
 
2353 
 
2328 
 
2301 
 
2288 
 
2262 
 
2239 
 
2214 
 
2191 
 
2180 
 
2157 
 
2129 
 
2116 
 
2097 
 
2088 
 
2071 
 
2055 
 
2042 
 
2029 
 
2022 
 
2011 
 
2003 
 
1996 
 
1990 
 
1987 
 
1983 
 
1981 
 
1977 
 
1976 
 
1975 
 
1965 
 
1974 
 
1978 
 
1979 
 
1979 
 
1982 
 
1988 
 
1992 
 
1999 
 
2003 
 
2010 
 
2020 
 
2033 
 
2045 
 
2054 
 
2070 
 
2086 
 
2105 
 
2124 
 
2127 
 
2154 
 
2179 
 
2202 
 
2223 
 
2236 
 
2260 
 
2286 
 
2311 
 
2336 
 
2351 
 
2378 
 
2405 
 
2432 
 
2459 
 
2472 
 
2499 
 
2526 
 
2553 
 
2583 
 
2596 
 
2623 
 
2648 
 
2675 
 
2701 
 
2713 
 
2740 
 
2763 
 
2788 
 
2812 
 
2823 
 
2844 
 
2865 
 
2885 
 
2905 
 
2915 
 
2933 
 
2951 
 
2976 
 
2982 
 
2986 
 
2999 
 
3011 
 
3022 
 
3031 
 
3035 
 
3041 
 
3046 
 
3051 
 
3053 
 
3055 
 
3055 
 
3055 
 
3052 
 
3052 
 
3048 
 
3043 
 
3047 
 
3030 
 
3019 
 
3016 
 
3004 
 
2991 
 
2978 
 
2964 
 
2957 
 
2940 
 
2923 
 
2903 
 
2883 
 
2873 
 
2851 
 
2833 
 
2809 
 
2785 
 
2773 
 
2755