3014 
 
2697 
 
2466 
 
2070 
 
1994 
 
2263 
 
2719 
 
2907 
 
3038 
 
2787 
 
2336 
 
2012 
 
1982 
 
2175 
 
2621 
 
2984 
 
3002 
 
2870 
 
2436 
 
2056 
 
2000 
 
2286 
 
2517 
 
2926 
 
3032 
 
2763 
 
2308 
 
2114 
 
1985 
 
2200 
 
2651 
 
2995 
 
3044 
 
2847 
 
2406 
 
2040 
 
2007 
 
2122 
 
2548 
 
2946 
 
3041 
 
2737 
 
2507 
 
2095 
 
1988 
 
2224 
 
2679 
 
2879 
 
3043 
 
2826 
 
2377 
 
2026 
 
1980 
 
2142 
 
2578 
 
2962 
 
3019 
 
2902 
 
2479 
 
2068 
 
1989 
 
2249 
 
2476 
 
2901 
 
3040 
 
2798 
 
2348 
 
2145 
 
1981 
 
2166 
 
2609 
 
2976 
 
3043 
 
2879 
 
2450 
 
2061 
 
1997 
 
2092 
 
2506 
 
2919 
 
3035 
 
2776 
 
2551 
 
2124 
 
1983 
 
2188 
 
2637 
 
2844 
 
3044 
 
2858 
 
2420 
 
2047 
 
1984 
 
2114 
 
2537 
 
2939 
 
3032 
 
2935 
 
2523 
 
2104 
 
1986 
 
2212 
 
2434 
 
2866 
 
3042 
 
2834 
 
2391 
 
2178 
 
1983 
 
2132 
 
2566 
 
2954 
 
3037 
 
2908 
 
2492 
 
2085 
 
1980 
 
2065 
 
2463 
 
2889 
 
3041 
 
2811 
 
2594 
 
2155 
 
1983 
 
2156 
 
2594 
 
2811 
 
3042 
 
2889 
 
2461 
 
2069 
 
1992 
 
2088 
 
2494 
 
2917 
 
3037 
 
2954 
 
2565 
 
2132 
 
1983 
 
2178 
 
2392 
 
2835 
 
3042 
 
2867 
 
2432 
 
2213 
 
1987 
 
2104 
 
2522 
 
2929 
 
3028 
 
2937 
 
2533 
 
2112 
 
1986 
 
2048 
 
2419 
 
2860 
 
3043 
 
2844 
 
2636 
 
2190 
 
1985 
 
2126 
 
2551 
 
2774 
 
3037 
 
2919 
 
2503 
 
2093 
 
1994 
 
2054 
 
2450 
 
2881 
 
3042 
 
2975 
 
2606 
 
2167 
 
1986 
 
2147 
 
2349 
 
2800 
 
3038 
 
2898 
 
2477 
 
2250 
 
1992 
 
2079 
 
2480 
 
2902 
 
3027 
 
2963 
 
2578 
 
2145 
 
1984 
 
2031 
 
2377 
 
2825 
 
3041 
 
2875 
 
2679 
 
2225 
 
1988 
 
2097 
 
2509 
 
2737 
 
3025 
 
2943 
 
2546 
 
2113 
 
2004 
 
2042 
 
2407 
 
2847 
 
3042 
 
2995 
 
2649 
 
2199 
 
1985 
 
2116 
 
2309 
 
2762 
 
3032 
 
2925 
 
2518 
 
2289 
 
2002 
 
2057 
 
2435 
 
2869 
 
3003 
 
2982 
 
2620 
 
2174 
 
1984 
 
2013 
 
2336 
 
2788 
 
3039 
 
2906 
 
2715 
 
2262 
 
1994 
 
2071 
 
2466 
 
2696 
 
3015 
 
2978 
 
2591 
 
2152 
 
2022 
 
2024 
 
2366 
 
2814 
 
3041 
 
3010 
 
2689 
 
2236 
 
1990 
 
2088 
 
2270 
 
2724 
 
3022 
 
2950 
 
2561 
 
2329 
 
2002 
 
2032 
 
2394 
 
2839 
 
2985 
 
3000 
 
2662 
 
2211 
 
1988 
 
2002 
 
2295 
 
2751 
 
3029 
 
2935 
 
2757 
 
2302 
 
2003 
 
2048 
 
2424 
 
2660 
 
3002 
 
2988 
 
2632 
 
2187 
 
2039 
 
2011 
 
2324 
 
2778 
 
3036 
 
3023 
 
2730 
 
2274 
 
1997 
 
2065 
 
2230 
 
2685 
 
3008 
 
2973 
 
2605 
 
2370 
 
2027 
 
2021 
 
2353 
 
2801 
 
2965 
 
3014 
 
2702 
 
2248 
 
1993 
 
1993 
 
2259 
 
2712 
 
3019 
 
2959 
 
2792 
 
2342 
 
2015 
 
2023 
 
2382 
 
2614 
 
2977 
 
3005 
 
2674 
 
2221 
 
2059 
 
2000 
 
2284 
 
2739 
 
3026 
 
3032 
 
2766 
 
2316 
 
2007 
 
2043 
 
2196 
 
2643 
 
3002 
 
2995 
 
2646 
 
2413 
 
2044 
 
2006 
 
2311 
 
2766 
 
2941 
 
3025 
 
2739 
 
2286 
 
2001 
 
1988 
 
2220 
 
2672 
 
3005 
 
2981 
 
2829 
 
2381 
 
2029 
 
2015 
 
2340 
 
2572 
 
2958 
 
3019 
 
2714 
 
2259 
 
2082 
 
1992 
 
2247 
 
2699 
 
3013 
 
3039 
 
2804 
 
2354 
 
2021 
 
2023 
 
2155 
 
2602 
 
2972 
 
3010 
 
2686 
 
2455 
 
2066 
 
1996 
 
2271 
 
2727 
 
2913 
 
3035 
 
2780 
 
2326 
 
2011 
 
1984 
 
2185 
 
2631 
 
2987 
 
3008 
 
2868 
 
2427 
 
2050 
 
2003 
 
2300 
 
2528 
 
2933 
 
3031 
 
2753 
 
2298 
 
2108 
 
1985 
 
2208 
 
2659 
 
2999 
 
3042 
 
2839 
 
2395 
 
2027 
 
2011 
 
2129 
 
2559 
 
2949 
 
3023 
 
2727 
 
2498 
 
2089 
 
1990 
 
2234 
 
2687 
 
2885 
 
3041 
 
2814 
 
2366 
 
2026 
 
1985 
 
2152 
 
2589 
 
2966 
 
3013 
 
2891 
 
2468 
 
2073 
 
1994 
 
2260 
 
2488 
 
2905 
 
3037 
 
2790 
 
2339 
 
2139 
 
1985 
 
2175 
 
2617 
 
2980 
 
3041 
 
2880 
 
2438 
 
2056 
 
2000 
 
2101 
 
2516 
 
2924 
 
3032 
 
2764 
 
2541 
 
2117 
 
1985 
 
2198 
 
2645 
 
2853 
 
3042 
 
2849 
 
2409 
 
2041 
 
1977 
 
2118 
 
2547 
 
2944 
 
3025 
 
2921 
 
2512 
 
2098 
 
1988 
 
2224 
 
2444 
 
2875 
 
3042 
 
2826 
 
2380 
 
2169 
 
1983 
 
2142 
 
2576 
 
2968 
 
3042 
 
2900 
 
2482 
 
2080 
 
1992 
 
2075 
 
2473 
 
2896 
 
3039 
 
2802 
 
2584 
 
2148 
 
1983 
 
2163 
 
2606 
 
2819 
 
3041 
 
2881 
 
2451 
 
2064 
 
1990 
 
2093 
 
2502 
 
2915 
 
3036 
 
2947 
 
2555 
 
2125 
 
1984 
 
2187 
 
2401 
 
2843 
 
3043 
 
2859 
 
2423 
 
2205 
 
1986 
 
2107 
 
2532 
 
2934 
 
3031 
 
2930 
 
2525 
 
2105 
 
1987 
 
2052 
 
2433 
 
2865 
 
3043 
 
2835 
 
2626 
 
2181 
 
1984 
 
2132 
 
2562 
 
2783 
 
3045 
 
2912 
 
2496 
 
2087 
 
1995 
 
2068 
 
2461 
 
2886 
 
3039 
 
2970 
 
2596 
 
2158 
 
1984 
 
2155 
 
2359 
 
2807 
 
3041 
 
2890 
 
2466 
 
2236 
 
1988 
 
2084 
 
2490 
 
2907 
 
3020 
 
2954 
 
2567 
 
2137 
 
1984 
 
2034 
 
2389 
 
2832 
 
3041 
 
2869 
 
2667 
 
2216 
 
1988 
 
2103 
 
2519 
 
2747 
 
3027 
 
2937 
 
2538 
 
2115 
 
2006 
 
2046 
 
2418 
 
2856 
 
3043 
 
2990 
 
2639 
 
2191 
 
1985 
 
2123 
 
2319 
 
2774 
 
3035 
 
2928 
 
2506 
 
2280 
 
1999 
 
2062 
 
2448 
 
2877 
 
3006 
 
2976 
 
2609 
 
2167 
 
1983 
 
2018 
 
2348 
 
2798 
 
3039 
 
2898 
 
2707 
 
2253 
 
1983 
 
2076 
 
2478 
 
2706 
 
3016 
 
2962 
 
2580 
 
2145 
 
2017 
 
2028 
 
2376 
 
2822 
 
3042 
 
3006 
 
2680 
 
2228 
 
1989 
 
2097 
 
2278 
 
2737 
 
3026 
 
2946 
 
2550 
 
2320 
 
2010 
 
2040 
 
2405 
 
2846 
 
2991 
 
2996 
 
2651 
 
2201 
 
1986 
 
2005 
 
2307 
 
2760 
 
3030 
 
2928 
 
2751 
 
2291 
 
2002 
 
2055 
 
2434 
 
2666 
 
3002 
 
2983 
 
2622 
 
2177 
 
2035 
 
2014 
 
2334 
 
2787 
 
3036 
 
3020 
 
2722 
 
2265 
 
1994 
 
2062 
 
2236 
 
2695 
 
3012 
 
2967 
 
2593 
 
2360 
 
2022 
 
2022 
 
2363 
 
2811 
 
2969 
 
3013 
 
2692 
 
2239 
 
1990 
 
1995 
 
2267 
 
2722 
 
3032 
 
2952 
 
2784 
 
2334 
 
2014 
 
2035 
 
2392 
 
2625 
 
2984 
 
3002 
 
2664 
 
2213 
 
2052 
 
2001 
 
2293 
 
2749 
 
3029 
 
3031 
 
2758 
 
2300 
 
2004 
 
2047 
 
2205 
 
2654 
 
2997 
 
2989 
 
2635 
 
2402 
 
2039 
 
2009 
 
2322 
 
2775 
 
2947 
 
3024 
 
2732 
 
2277 
 
1998 
 
1989 
 
2224 
 
2681 
 
3008 
 
2975 
 
2821 
 
2373 
 
2027 
 
2019 
 
2350 
 
2583 
 
2963 
 
3016 
 
2704 
 
2249 
 
2076 
 
1994 
 
2256 
 
2710 
 
3020 
 
3047 
 
2797 
 
2345 
 
2016 
 
2029 
 
2169 
 
2613 
 
2979 
 
3006 
 
2675 
 
2445 
 
2060 
 
1998 
 
2282 
 
2736 
 
2920 
 
3034 
 
2770 
 
2317 
 
1999 
 
1981 
 
2193 
 
2641 
 
2992 
 
2994 
 
2854 
 
2415 
 
2046 
 
2006 
 
2309 
 
2540 
 
2938 
 
3027 
 
2742 
 
2288 
 
2101 
 
1988 
 
2218 
 
2674 
 
3003 
 
3042 
 
2829 
 
2386 
 
2034 
 
2015 
 
2137 
 
2569 
 
2955 
 
3021 
 
2717 
 
2487 
 
2084 
 
1990 
 
2245 
 
2698 
 
2892 
 
3041 
 
2811 
 
2357 
 
2022 
 
1984 
 
2160 
 
2598 
 
2972 
 
3010 
 
2885 
 
2460 
 
2067 
 
1996 
 
2271 
 
2497 
 
2912 
 
3035 
 
2780 
 
2328 
 
2130 
 
1974 
 
2180 
 
2628 
 
2986 
 
3043 
 
2864 
 
2430 
 
2051 
 
2003 
 
2107 
 
2526 
 
2932 
 
3030 
 
2754 
 
2530 
 
2110 
 
1987 
 
2206 
 
2658 
 
2868 
 
3045 
 
2841 
 
2399 
 
2037 
 
1984 
 
2128 
 
2557 
 
2949 
 
3023 
 
2914 
 
2500 
 
2091 
 
1988 
 
2233 
 
2455 
 
2883 
 
3041 
 
2818 
 
2367 
 
2160 
 
1982 
 
2149 
 
2587 
 
2966 
 
3040 
 
2894 
 
2472 
 
2074 
 
1993 
 
2083 
 
2486 
 
2903 
 
3038 
 
2794 
 
2572 
 
2139 
 
1982 
 
2165 
 
2615 
 
2828 
 
3042 
 
2872 
 
2441 
 
2058 
 
1988 
 
2100 
 
2513 
 
2922 
 
3032 
 
2942 
 
2543 
 
2119 
 
1985 
 
2196 
 
2412 
 
2853 
 
3055 
 
2851 
 
2412 
 
2197 
 
1986 
 
2118 
 
2543 
 
2941 
 
3034 
 
2925 
 
2513 
 
2100 
 
1987 
 
2058 
 
2443 
 
2874 
 
3043 
 
2828 
 
2616 
 
2166 
 
1984 
 
2139 
 
2572 
 
2793 
 
3038 
 
2904 
 
2484 
 
2081 
 
1993 
 
2073 
 
2471 
 
2895 
 
3040 
 
2965 
 
2587 
 
2150 
 
1983 
 
2160 
 
2368 
 
2818 
 
3041 
 
2884 
 
2456 
 
2231 
 
1988 
 
2091 
 
2500 
 
2914 
 
3025 
 
2949 
 
2555 
 
2129 
 
1984 
 
2038 
 
2398 
 
2841 
 
3044 
 
2869 
 
2659 
 
2205 
 
1985 
 
2110 
 
2529 
 
2756 
 
3031 
 
2930 
 
2525 
 
2108 
 
2003 
 
2051 
 
2429 
 
2863 
 
3043 
 
2986 
 
2628 
 
2183 
 
1975 
 
2130 
 
2329 
 
2782 
 
3038 
 
2914 
 
2498 
 
2270 
 
1996 
 
2066 
 
2458 
 
2884 
 
3012 
 
2973 
 
2600 
 
2160 
 
1982 
 
2021 
 
2357 
 
2813 
 
3041 
 
2891 
 
2698 
 
2244 
 
1991 
 
2082 
 
2487 
 
2716 
 
3020 
 
2956 
 
2570 
 
2137 
 
2014 
 
2032 
 
2386 
 
2831 
 
3042 
 
3003 
 
2672 
 
2217 
 
1986 
 
2102 
 
2288 
 
2744 
 
3028 
 
2939 
 
2541 
 
2310 
 
2005 
 
2045 
 
2415 
 
2854 
 
2995 
 
2991 
 
2640 
 
2192 
 
1982 
 
2000 
 
2316 
 
2771 
 
3034 
 
2921 
 
2738 
 
2284 
 
1998 
 
2059 
 
2445 
 
2677 
 
3006 
 
2978 
 
2612 
 
2170 
 
2030 
 
2016 
 
2344 
 
2795 
 
3049 
 
3024 
 
2711 
 
2256 
 
1993 
 
2076 
 
2249 
 
2705 
 
3016 
 
2964 
 
2582 
 
2351 
 
2019 
 
2027 
 
2374 
 
2821 
 
2974 
 
3008 
 
2682 
 
2224 
 
1988 
 
1997 
 
2276 
 
2732 
 
3025 
 
2946 
 
2776 
 
2321 
 
2008 
 
2039 
 
2403 
 
2635 
 
2989 
 
2996 
 
2655 
 
2205 
 
2047 
 
2003 
 
2301 
 
2760 
 
3032 
 
3030 
 
2749 
 
2294 
 
2002 
 
2054 
 
2211 
 
2663 
 
3001 
 
2985 
 
2626 
 
2392 
 
2035 
 
2012 
 
2332 
 
2786 
 
2953 
 
3031 
 
2723 
 
2267 
 
1994 
 
1991 
 
2237 
 
2692 
 
3012 
 
2969 
 
2812 
 
2362 
 
2023 
 
2021 
 
2361 
 
2593 
 
2968 
 
3012 
 
2695 
 
2239 
 
2063 
 
1990 
 
2264 
 
2718 
 
3021 
 
3036 
 
2786 
 
2334 
 
2012 
 
2033 
 
2176 
 
2624 
 
2984 
 
3003 
 
2666 
 
2433 
 
2054 
 
2001 
 
2292 
 
2752 
 
2930 
 
3033 
 
2760 
 
2306 
 
2004 
 
1984 
 
2201 
 
2651 
 
2996 
 
2990 
 
2846 
 
2405 
 
2040 
 
2009 
 
2319 
 
2549 
 
2944 
 
3026 
 
2740 
 
2277 
 
2095 
 
1987 
 
2226 
 
2680 
 
3007 
 
3042 
 
2822 
 
2376 
 
2028 
 
2018 
 
2145 
 
2579 
 
2962 
 
3017 
 
2707 
 
2477 
 
2077 
 
1983 
 
2251 
 
2709 
 
2899 
 
3040 
 
2797 
 
2347 
 
2017 
 
1983 
 
2167 
 
2608 
 
2977 
 
3008 
 
2877 
 
2448 
 
2061 
 
1997 
 
2279 
 
2508 
 
2926 
 
3037 
 
2773 
 
2318 
 
2124 
 
1985 
 
2190 
 
2638 
 
2990 
 
3043 
 
2856 
 
2417 
 
2046 
 
2004 
 
2114 
 
2536 
 
2938 
 
3030 
 
2747 
 
2518 
 
2100 
 
1986 
 
2215 
 
2667 
 
2869 
 
3043 
 
2833 
 
2388 
 
2033 
 
1982 
 
2134 
 
2566 
 
2955 
 
3021 
 
2908 
 
2490 
 
2084 
 
1988 
 
2237 
 
2463 
 
2889 
 
3041 
 
2809 
 
2359 
 
2153 
 
1982 
 
2157 
 
2596 
 
2970 
 
3041 
 
2887 
 
2461 
 
2067 
 
1994 
 
2087 
 
2494 
 
2910 
 
3048 
 
2784 
 
2562 
 
2131 
 
1984 
 
2179 
 
2626 
 
2836 
 
3043 
 
2865 
 
2430 
 
2053 
 
1985 
 
2104 
 
2523 
 
2929 
 
3031 
 
2935 
 
2532 
 
2105 
 
1983 
 
2203 
 
2424 
 
2861 
 
3044 
 
2843 
 
2403 
 
2186 
 
1985 
 
2125 
 
2553 
 
2947 
 
3036 
 
2917 
 
2504 
 
2093 
 
1988 
 
2063 
 
2452 
 
2882 
 
3042 
 
2819 
 
2605 
 
2164 
 
1982 
 
2147 
 
2583 
 
2802 
 
3040 
 
2897 
 
2475 
 
2074 
 
1992 
 
2079 
 
2481 
 
2903 
 
3040 
 
2969 
 
2577 
 
2142 
 
1982 
 
2171 
 
2378 
 
2825 
 
3043 
 
2875 
 
2443 
 
2223 
 
1987 
 
2097 
 
2512 
 
2922 
 
3027 
 
2943 
 
2546 
 
2119 
 
1975 
 
2038 
 
2408 
 
2849 
 
3043 
 
2855 
 
2647 
 
2197 
 
1984 
 
2117 
 
2540 
 
2765 
 
3034 
 
2924 
 
2515 
 
2100 
 
2000 
 
2057 
 
2438 
 
2879 
 
3044 
 
2982 
 
2618 
 
2174 
 
1983 
 
2138 
 
2337 
 
2791 
 
3038 
 
2905 
 
2487 
 
2261 
 
1995 
 
2073 
 
2468 
 
2893 
 
3013 
 
2966 
 
2591 
 
2151 
 
1983 
 
2024 
 
2366 
 
2817 
 
3041 
 
2884 
 
2689 
 
2235 
 
1989 
 
2088 
 
2498 
 
2726 
 
3024 
 
2950 
 
2559 
 
2129 
 
2011 
 
2027 
 
2395 
 
2839 
 
3044 
 
2999 
 
2659 
 
2207 
 
1986 
 
2108 
 
2297 
 
2752 
 
3031 
 
2932 
 
2530 
 
2300 
 
2003 
 
2050 
 
2426 
 
2862 
 
3008 
 
2990 
 
2630 
 
2184 
 
1984 
 
2011 
 
2326 
 
2778 
 
3035 
 
2914 
 
2728 
 
2272 
 
1996 
 
2064 
 
2456 
 
2686 
 
3010 
 
2973 
 
2602 
 
2155 
 
2020 
 
2020 
 
2354 
 
2803 
 
3040 
 
3015 
 
2701 
 
2246 
 
1991 
 
2080 
 
2259 
 
2714 
 
3020 
 
2957 
 
2571 
 
2340 
 
2016 
 
2031 
 
2381 
 
2828 
 
2981 
 
3004 
 
2673 
 
2219 
 
1988 
 
1998 
 
2286 
 
2741 
 
3027 
 
2941 
 
2766 
 
2311 
 
2005 
 
2043 
 
2411 
 
2646 
 
2993 
 
3002 
 
2645 
 
2195 
 
2042 
 
2006 
 
2314 
 
2767 
 
3034 
 
3027 
 
2740 
 
2286 
 
2001 
 
2058 
 
2222 
 
2673 
 
3005 
 
2979 
 
2614 
 
2383 
 
2020 
 
2013 
 
2341 
 
2795 
 
2959 
 
3020 
 
2713 
 
2258 
 
1993 
 
1991 
 
2248 
 
2701 
 
3016 
 
2965 
 
2803 
 
2353 
 
2019 
 
2025 
 
2370 
 
2606 
 
2977 
 
3009 
 
2685 
 
2232 
 
2064 
 
1997 
 
2273 
 
2727 
 
3023 
 
3036 
 
2779 
 
2325 
 
2009 
 
2038 
 
2185 
 
2634 
 
2989 
 
2998 
 
2659 
 
2426 
 
2050 
 
2004 
 
2301 
 
2756 
 
2933 
 
3030 
 
2752 
 
2297 
 
2001 
 
1986 
 
2211 
 
2662 
 
3000 
 
2986 
 
2838 
 
2395 
 
2035 
 
2003 
 
2328 
 
2560 
 
2950 
 
3022 
 
2726 
 
2269 
 
2089 
 
1988 
 
2234 
 
2690 
 
3011 
 
3040 
 
2813 
 
2366 
 
2026 
 
2021 
 
2152 
 
2589 
 
2975 
 
3014 
 
2697 
 
2468 
 
2071 
 
1994 
 
2262 
 
2716 
 
2907 
 
3038 
 
2788 
 
2338 
 
2016 
 
1985 
 
2176 
 
2619 
 
2980 
 
3002 
 
2870 
 
2437 
 
2053 
 
2000 
 
2288 
 
2517 
 
2925 
 
3032 
 
2763 
 
2309 
 
2117 
 
1986 
 
2200 
 
2649 
 
2994 
 
3042 
 
2848 
 
2407 
 
2041 
 
2006 
 
2116 
 
2547 
 
2944 
 
3025 
 
2736 
 
2508 
 
2097 
 
1988 
 
2224 
 
2676 
 
2876 
 
3041 
 
2824 
 
2380 
 
2031 
 
1983 
 
2143 
 
2577 
 
2960 
 
3029 
 
2904 
 
2478 
 
2078 
 
1991 
 
2250 
 
2476 
 
2898 
 
3040 
 
2801 
 
2350 
 
2145 
 
1980 
 
2163 
 
2606 
 
2976 
 
3043 
 
2880 
 
2450 
 
2053 
 
1997 
 
2093 
 
2505 
 
2917 
 
3035 
 
2774 
 
2553 
 
2125 
 
1983 
 
2188 
 
2637 
 
2845 
 
3044 
 
2857 
 
2421 
 
2049 
 
1984 
 
2112 
 
2536 
 
2936 
 
3029 
 
2928 
 
2523 
 
2105 
 
1988 
 
2213 
 
2432 
 
2866 
 
3041 
 
2834 
 
2390 
 
2181 
 
1986 
 
2133 
 
2564 
 
2953 
 
3035 
 
2915 
 
2494 
 
2086 
 
1990 
 
2070 
 
2463 
 
2888 
 
3040 
 
2811 
 
2593 
 
2157 
 
1984 
 
2156 
 
2593 
 
2810 
 
3039 
 
2889 
 
2464 
 
2070 
 
1982 
 
2084 
 
2492 
 
2907 
 
3036 
 
2952 
 
2565 
 
2134 
 
1984 
 
2178 
 
2391 
 
2834 
 
3041 
 
2867 
 
2433 
 
2214 
 
1987 
 
2105 
 
2522 
 
2935 
 
3032 
 
2936 
 
2535 
 
2113 
 
1986 
 
2047 
 
2420 
 
2858 
 
3041 
 
2846 
 
2636 
 
2191 
 
1984 
 
2123 
 
2551 
 
2773 
 
3035 
 
2917 
 
2504 
 
2095 
 
1998 
 
2061 
 
2447 
 
2879 
 
3041 
 
2975 
 
2608 
 
2167 
 
1983 
 
2146 
 
2348 
 
2801 
 
3040 
 
2897 
 
2476 
 
2252 
 
1992 
 
2068 
 
2477 
 
2900 
 
3018 
 
2963 
 
2578 
 
2143 
 
1982 
 
2028 
 
2376 
 
2825 
 
3043 
 
2878 
 
2679 
 
2225 
 
1989 
 
2096 
 
2508 
 
2735 
 
3037 
 
2948 
 
2549 
 
2121 
 
2007 
 
2039 
 
2407 
 
2848 
 
3043 
 
2995 
 
2650 
 
2200 
 
1986 
 
2114 
 
2308 
 
2763 
 
3033 
 
2927 
 
2517 
 
2287 
 
1999 
 
2055 
 
2436 
 
2869 
 
3002 
 
2981 
 
2621 
 
2178 
 
1984 
 
2015 
 
2335 
 
2788 
 
3037 
 
2908 
 
2717 
 
2264 
 
1996 
 
2071 
 
2465 
 
2698 
 
3013 
 
2966 
 
2591 
 
2155 
 
2023 
 
2025 
 
2364 
 
2812 
 
3040 
 
3010 
 
2690 
 
2236 
 
1989 
 
2087 
 
2269 
 
2723 
 
3023 
 
2960 
 
2562 
 
2329 
 
2012 
 
2035 
 
2393 
 
2836 
 
2985 
 
3001 
 
2663 
 
2211 
 
1985 
 
2003 
 
2295 
 
2751 
 
3030 
 
2935 
 
2756 
 
2302 
 
1995 
 
2050 
 
2422 
 
2654 
 
2997 
 
2987 
 
2634 
 
2188 
 
2038 
 
2009 
 
2325 
 
2776 
 
3034 
 
3024 
 
2729 
 
2276 
 
1999 
 
2064 
 
2231 
 
2687 
 
3010 
 
2974 
 
2606 
 
2371 
 
2027 
 
2018 
 
2351 
 
2803 
 
2963 
 
3016 
 
2703 
 
2248 
 
1992 
 
1993 
 
2257 
 
2711 
 
3016 
 
2960 
 
2798 
 
2344 
 
2015 
 
2028 
 
2382 
 
2613 
 
2978 
 
3004 
 
2675 
 
2223 
 
2058 
 
2000 
 
2284 
 
2738 
 
3025 
 
3034 
 
2769 
 
2315 
 
2008 
 
2032 
 
2190 
 
2641 
 
2991 
 
2994 
 
2647 
 
2413 
 
2044 
 
2005 
 
2311 
 
2765 
 
2940 
 
3027 
 
2742 
 
2286 
 
1999 
 
1986 
 
2218 
 
2673 
 
3014 
 
2982 
 
2829 
 
2383 
 
2031 
 
2015 
 
2340 
 
2570 
 
2958 
 
3020 
 
2716 
 
2259 
 
2082 
 
1990 
 
2244 
 
2699 
 
3015 
 
3040 
 
2805 
 
2353 
 
2020 
 
2026 
 
2160 
 
2601 
 
2973 
 
3011 
 
2687 
 
2457 
 
2064 
 
1996 
 
2272 
 
2727 
 
2914 
 
3037 
 
2780 
 
2326 
 
2011 
 
1983 
 
2178 
 
2630 
 
2987 
 
3000 
 
2862 
 
2426 
 
2049 
 
2002 
 
2298 
 
2527 
 
2933 
 
3032 
 
2754 
 
2300 
 
2108 
 
1985