2076 
 
2082 
 
2663 
 
3030 
 
2682 
 
2360 
 
1991 
 
2307 
 
2906 
 
2955 
 
2715 
 
2117 
 
2049 
 
2597 
 
3023 
 
2972 
 
2429 
 
1998 
 
2245 
 
2856 
 
3017 
 
2782 
 
2164 
 
2023 
 
2526 
 
2828 
 
3001 
 
2497 
 
2013 
 
2189 
 
2491 
 
2998 
 
2835 
 
2221 
 
2005 
 
2160 
 
2771 
 
3019 
 
2566 
 
2035 
 
1990 
 
2422 
 
2972 
 
2885 
 
2281 
 
2052 
 
2115 
 
2710 
 
3030 
 
2634 
 
2311 
 
1992 
 
2354 
 
2935 
 
2927 
 
2667 
 
2085 
 
2072 
 
2645 
 
3042 
 
2954 
 
2378 
 
1995 
 
2290 
 
2892 
 
3027 
 
2730 
 
2128 
 
2041 
 
2578 
 
2868 
 
2980 
 
2448 
 
2004 
 
2229 
 
2542 
 
3013 
 
2790 
 
2173 
 
2018 
 
2201 
 
2814 
 
3006 
 
2514 
 
2017 
 
2008 
 
2473 
 
2991 
 
2845 
 
2236 
 
2030 
 
2148 
 
2754 
 
3022 
 
2582 
 
2266 
 
1998 
 
2403 
 
2961 
 
2895 
 
2616 
 
2062 
 
2102 
 
2692 
 
3028 
 
2917 
 
2329 
 
1993 
 
2338 
 
2923 
 
3029 
 
2682 
 
2097 
 
2065 
 
2626 
 
2902 
 
2967 
 
2395 
 
1998 
 
2275 
 
2593 
 
3023 
 
2746 
 
2143 
 
2034 
 
2245 
 
2854 
 
2988 
 
2464 
 
2007 
 
2024 
 
2525 
 
3008 
 
2806 
 
2194 
 
2007 
 
2183 
 
2798 
 
3011 
 
2533 
 
2222 
 
2006 
 
2455 
 
2985 
 
2858 
 
2568 
 
2039 
 
2137 
 
2739 
 
3023 
 
2885 
 
2282 
 
1996 
 
2387 
 
2962 
 
3032 
 
2635 
 
2070 
 
2092 
 
2676 
 
2931 
 
2928 
 
2347 
 
1993 
 
2321 
 
2644 
 
3029 
 
2700 
 
2110 
 
2056 
 
2289 
 
2889 
 
2966 
 
2413 
 
1998 
 
2041 
 
2575 
 
3020 
 
2762 
 
2156 
 
2006 
 
2228 
 
2839 
 
2996 
 
2483 
 
2181 
 
2016 
 
2505 
 
3003 
 
2819 
 
2517 
 
2019 
 
2164 
 
2782 
 
3015 
 
2848 
 
2238 
 
2003 
 
2437 
 
2976 
 
3023 
 
2585 
 
2045 
 
2124 
 
2723 
 
2961 
 
2897 
 
2300 
 
1994 
 
2368 
 
2691 
 
3041 
 
2654 
 
2078 
 
2081 
 
2335 
 
2922 
 
2941 
 
2364 
 
1993 
 
2063 
 
2626 
 
3027 
 
2719 
 
2121 
 
1995 
 
2272 
 
2878 
 
2977 
 
2431 
 
2135 
 
2029 
 
2555 
 
3017 
 
2780 
 
2466 
 
2005 
 
2211 
 
2824 
 
3002 
 
2808 
 
2192 
 
2009 
 
2488 
 
2996 
 
3012 
 
2533 
 
2026 
 
2157 
 
2773 
 
2987 
 
2862 
 
2255 
 
1998 
 
2419 
 
2736 
 
3025 
 
2604 
 
2052 
 
2110 
 
2386 
 
2952 
 
2910 
 
2316 
 
1992 
 
2089 
 
2674 
 
3030 
 
2673 
 
2088 
 
1994 
 
2318 
 
2910 
 
2948 
 
2382 
 
2109 
 
2053 
 
2608 
 
3027 
 
2735 
 
2416 
 
1998 
 
2256 
 
2866 
 
2983 
 
2765 
 
2154 
 
2016 
 
2536 
 
3012 
 
2994 
 
2484 
 
2010 
 
2196 
 
2809 
 
3003 
 
2824 
 
2209 
 
2006 
 
2468 
 
2781 
 
3018 
 
2553 
 
2032 
 
2145 
 
2435 
 
2985 
 
2878 
 
2269 
 
1996 
 
2121 
 
2722 
 
3027 
 
2622 
 
2061 
 
1993 
 
2365 
 
2941 
 
2921 
 
2331 
 
2079 
 
2081 
 
2657 
 
3030 
 
2690 
 
2363 
 
1991 
 
2302 
 
2902 
 
2960 
 
2722 
 
2122 
 
2046 
 
2589 
 
3023 
 
2976 
 
2431 
 
2001 
 
2240 
 
2851 
 
3016 
 
2781 
 
2168 
 
2019 
 
2520 
 
2827 
 
3001 
 
2502 
 
2016 
 
2184 
 
2484 
 
2995 
 
2838 
 
2226 
 
2003 
 
2157 
 
2765 
 
3020 
 
2573 
 
2039 
 
1999 
 
2420 
 
2969 
 
2896 
 
2286 
 
2053 
 
2111 
 
2704 
 
3029 
 
2641 
 
2318 
 
1991 
 
2350 
 
2931 
 
2932 
 
2673 
 
2089 
 
2069 
 
2640 
 
3028 
 
2951 
 
2382 
 
1984 
 
2284 
 
2886 
 
3027 
 
2737 
 
2133 
 
2040 
 
2571 
 
2863 
 
2984 
 
2452 
 
2004 
 
2224 
 
2537 
 
3011 
 
2797 
 
2185 
 
2016 
 
2194 
 
2817 
 
3010 
 
2521 
 
2021 
 
2007 
 
2469 
 
2989 
 
2852 
 
2240 
 
2033 
 
2142 
 
2750 
 
3023 
 
2591 
 
2272 
 
1994 
 
2400 
 
2957 
 
2902 
 
2624 
 
2059 
 
2099 
 
2690 
 
3030 
 
2922 
 
2335 
 
1992 
 
2333 
 
2920 
 
3030 
 
2691 
 
2100 
 
2062 
 
2621 
 
2899 
 
2959 
 
2402 
 
1995 
 
2263 
 
2586 
 
3023 
 
2755 
 
2145 
 
2031 
 
2238 
 
2851 
 
2991 
 
2469 
 
2009 
 
2021 
 
2518 
 
3006 
 
2809 
 
2197 
 
2017 
 
2181 
 
2794 
 
3024 
 
2541 
 
2227 
 
2004 
 
2449 
 
2982 
 
2866 
 
2573 
 
2039 
 
2131 
 
2734 
 
3026 
 
2889 
 
2289 
 
1995 
 
2382 
 
2950 
 
3030 
 
2643 
 
2063 
 
2087 
 
2669 
 
2930 
 
2933 
 
2352 
 
1993 
 
2315 
 
2637 
 
3028 
 
2707 
 
2111 
 
2052 
 
2281 
 
2887 
 
2969 
 
2420 
 
2000 
 
2037 
 
2571 
 
3021 
 
2768 
 
2159 
 
2005 
 
2222 
 
2837 
 
2997 
 
2488 
 
2184 
 
2015 
 
2499 
 
3001 
 
2827 
 
2521 
 
2022 
 
2166 
 
2780 
 
3019 
 
2858 
 
2242 
 
2000 
 
2431 
 
2974 
 
3025 
 
2593 
 
2046 
 
2119 
 
2718 
 
2957 
 
2900 
 
2305 
 
1990 
 
2363 
 
2685 
 
3031 
 
2659 
 
2081 
 
2068 
 
2327 
 
2920 
 
2942 
 
2371 
 
1992 
 
2059 
 
2620 
 
3026 
 
2724 
 
2124 
 
1995 
 
2265 
 
2874 
 
2978 
 
2439 
 
2148 
 
2032 
 
2551 
 
3026 
 
2785 
 
2472 
 
2008 
 
2208 
 
2822 
 
3004 
 
2812 
 
2199 
 
2010 
 
2482 
 
2995 
 
3015 
 
2541 
 
2028 
 
2153 
 
2763 
 
2983 
 
2866 
 
2254 
 
1997 
 
2411 
 
2731 
 
3026 
 
2612 
 
2055 
 
2106 
 
2380 
 
2950 
 
2915 
 
2322 
 
1992 
 
2085 
 
2667 
 
3030 
 
2677 
 
2091 
 
1993 
 
2309 
 
2909 
 
2952 
 
2387 
 
2113 
 
2052 
 
2602 
 
3025 
 
2741 
 
2420 
 
1998 
 
2250 
 
2860 
 
2985 
 
2770 
 
2161 
 
2025 
 
2531 
 
3010 
 
3007 
 
2492 
 
2013 
 
2193 
 
2808 
 
3001 
 
2828 
 
2215 
 
2006 
 
2463 
 
2775 
 
3018 
 
2560 
 
2034 
 
2140 
 
2427 
 
2975 
 
2881 
 
2274 
 
1985 
 
2113 
 
2714 
 
3028 
 
2628 
 
2065 
 
1992 
 
2361 
 
2938 
 
2924 
 
2337 
 
2083 
 
2078 
 
2650 
 
3029 
 
2694 
 
2372 
 
1992 
 
2296 
 
2904 
 
2964 
 
2724 
 
2126 
 
2043 
 
2581 
 
3022 
 
2979 
 
2441 
 
2002 
 
2235 
 
2846 
 
3017 
 
2787 
 
2176 
 
2018 
 
2513 
 
2818 
 
3005 
 
2508 
 
2015 
 
2177 
 
2481 
 
2995 
 
2840 
 
2232 
 
2003 
 
2152 
 
2759 
 
3021 
 
2578 
 
2042 
 
1997 
 
2411 
 
2967 
 
2894 
 
2293 
 
2056 
 
2098 
 
2698 
 
3028 
 
2645 
 
2324 
 
1992 
 
2342 
 
2928 
 
2936 
 
2678 
 
2092 
 
2067 
 
2633 
 
3028 
 
2955 
 
2391 
 
1995 
 
2280 
 
2884 
 
3035 
 
2745 
 
2137 
 
2038 
 
2566 
 
2857 
 
2986 
 
2458 
 
2004 
 
2219 
 
2528 
 
3010 
 
2802 
 
2189 
 
2015 
 
2191 
 
2805 
 
3010 
 
2526 
 
2012 
 
1999 
 
2463 
 
2987 
 
2855 
 
2246 
 
2035 
 
2140 
 
2745 
 
3025 
 
2598 
 
2275 
 
1994 
 
2395 
 
2957 
 
2904 
 
2629 
 
2065 
 
2095 
 
2685 
 
3030 
 
2926 
 
2340 
 
1991 
 
2325 
 
2917 
 
3029 
 
2694 
 
2104 
 
2057 
 
2614 
 
2894 
 
2964 
 
2408 
 
1996 
 
2262 
 
2581 
 
3023 
 
2763 
 
2149 
 
2031 
 
2232 
 
2845 
 
2993 
 
2476 
 
2009 
 
2017 
 
2513 
 
3006 
 
2817 
 
2203 
 
2018 
 
2176 
 
2788 
 
3014 
 
2547 
 
2232 
 
1992 
 
2442 
 
2980 
 
2868 
 
2577 
 
2042 
 
2125 
 
2729 
 
3026 
 
2894 
 
2293 
 
1994 
 
2373 
 
2947 
 
3028 
 
2649 
 
2076 
 
2084 
 
2664 
 
2935 
 
2940 
 
2360 
 
1992 
 
2309 
 
2631 
 
3031 
 
2711 
 
2116 
 
2048 
 
2277 
 
2881 
 
2972 
 
2426 
 
1996 
 
2034 
 
2561 
 
3018 
 
2776 
 
2157 
 
1999 
 
2218 
 
2830 
 
3001 
 
2494 
 
2190 
 
2013 
 
2494 
 
3000 
 
2831 
 
2529 
 
2024 
 
2163 
 
2773 
 
3019 
 
2858 
 
2246 
 
2000 
 
2423 
 
2972 
 
3024 
 
2596 
 
2050 
 
2113 
 
2713 
 
2955 
 
2906 
 
2311 
 
1990 
 
2356 
 
2680 
 
3031 
 
2664 
 
2085 
 
2075 
 
2324 
 
2915 
 
2957 
 
2379 
 
1993 
 
2057 
 
2613 
 
3027 
 
2729 
 
2127 
 
1996 
 
2260 
 
2870 
 
2982 
 
2446 
 
2153 
 
2027 
 
2543 
 
3015 
 
2790 
 
2479 
 
1999 
 
2198 
 
2815 
 
3006 
 
2819 
 
2205 
 
2010 
 
2475 
 
2993 
 
3015 
 
2547 
 
2031 
 
2149 
 
2756 
 
2978 
 
2871 
 
2265 
 
1995 
 
2409 
 
2733 
 
3030 
 
2615 
 
2057 
 
2103 
 
2373 
 
2947 
 
2918 
 
2328 
 
1992 
 
2084 
 
2662 
 
3029 
 
2680 
 
2095 
 
1991 
 
2308 
 
2904 
 
2956 
 
2393 
 
2112 
 
2049 
 
2596 
 
3025 
 
2746 
 
2428 
 
1999 
 
2245 
 
2856 
 
2989 
 
2776 
 
2165 
 
2023 
 
2527 
 
3010 
 
3001 
 
2495 
 
2016 
 
2180 
 
2800 
 
2998 
 
2833 
 
2220 
 
2004 
 
2457 
 
2772 
 
3021 
 
2566 
 
2036 
 
2136 
 
2422 
 
2970 
 
2884 
 
2280 
 
1993 
 
2112 
 
2709 
 
3040 
 
2636 
 
2069 
 
1995 
 
2356 
 
2934 
 
2929 
 
2344 
 
2084 
 
2073 
 
2644 
 
3031 
 
2699 
 
2378 
 
1994 
 
2289 
 
2891 
 
2965 
 
2731 
 
2119 
 
2037 
 
2576 
 
3021 
 
2982 
 
2444 
 
2004 
 
2227 
 
2841 
 
3013 
 
2792 
 
2180 
 
2016 
 
2507 
 
2814 
 
3005 
 
2516 
 
2019 
 
2172 
 
2472 
 
2995 
 
2847 
 
2237 
 
1999 
 
2147 
 
2755 
 
3023 
 
2584 
 
2043 
 
1997 
 
2403 
 
2961 
 
2897 
 
2298 
 
2059 
 
2100 
 
2696 
 
3030 
 
2655 
 
2329 
 
1991 
 
2337 
 
2923 
 
2939 
 
2683 
 
2097 
 
2063 
 
2626 
 
3028 
 
2958 
 
2395 
 
1994 
 
2272 
 
2877 
 
3024 
 
2747 
 
2141 
 
2024 
 
2558 
 
2855 
 
2988 
 
2465 
 
2005 
 
2216 
 
2523 
 
3009 
 
2808 
 
2193 
 
2012 
 
2184 
 
2800 
 
3012 
 
2533 
 
2026 
 
2005 
 
2454 
 
2996 
 
2863 
 
2251 
 
2038 
 
2137 
 
2740 
 
3025 
 
2600 
 
2282 
 
1995 
 
2386 
 
2951 
 
2908 
 
2637 
 
2070 
 
2090 
 
2675 
 
3030 
 
2930 
 
2342 
 
1990 
 
2320 
 
2912 
 
3029 
 
2703 
 
2108 
 
2054 
 
2609 
 
2889 
 
2967 
 
2415 
 
1998 
 
2258 
 
2573 
 
3020 
 
2765 
 
2154 
 
2025 
 
2223 
 
2841 
 
2995 
 
2482 
 
2011 
 
2016 
 
2504 
 
3002 
 
2821 
 
2209 
 
2021 
 
2172 
 
2783 
 
3016 
 
2552 
 
2240 
 
2000 
 
2437 
 
2978 
 
2884 
 
2588 
 
2046 
 
2122 
 
2723 
 
3026 
 
2896 
 
2299 
 
1992 
 
2369 
 
2942 
 
3030 
 
2653 
 
2079 
 
2079 
 
2657 
 
2923 
 
2941 
 
2367 
 
1982 
 
2301 
 
2623 
 
3026 
 
2720 
 
2120 
 
2045 
 
2272 
 
2877 
 
2974 
 
2433 
 
2001 
 
2032 
 
2556 
 
3015 
 
2780 
 
2169 
 
2005 
 
2212 
 
2833 
 
3002 
 
2500 
 
2196 
 
2011 
 
2487 
 
2997 
 
2837 
 
2537 
 
2026 
 
2158 
 
2768 
 
3021 
 
2863 
 
2253 
 
1999 
 
2417 
 
2969 
 
3027 
 
2606 
 
2052 
 
2111 
 
2706 
 
2952 
 
2910 
 
2315 
 
1993 
 
2351 
 
2674 
 
3029 
 
2673 
 
2087 
 
2071 
 
2317 
 
2910 
 
2950 
 
2380 
 
1992 
 
2045 
 
2605 
 
3026 
 
2735 
 
2133 
 
1996 
 
2256 
 
2865 
 
2982 
 
2449 
 
2157 
 
2025 
 
2536 
 
3011 
 
2795 
 
2487 
 
2012 
 
2196 
 
2811 
 
3019 
 
2829 
 
2210 
 
2009 
 
2468 
 
2989 
 
3016 
 
2554 
 
2031 
 
2144 
 
2751 
 
2975 
 
2873 
 
2271 
 
1995 
 
2400 
 
2720 
 
3028 
 
2624 
 
2051 
 
2098 
 
2369 
 
2942 
 
2921 
 
2333 
 
1993 
 
2079 
 
2655 
 
3030 
 
2689 
 
2099 
 
1993 
 
2303 
 
2899 
 
2960 
 
2400 
 
2122 
 
2046 
 
2591 
 
3024 
 
2752 
 
2435 
 
2001 
 
2238 
 
2850 
 
2989 
 
2781 
 
2171 
 
2020 
 
2518 
 
3011 
 
3003 
 
2503 
 
2016 
 
2182 
 
2794 
 
2998 
 
2844 
 
2225 
 
2005 
 
2451 
 
2764 
 
3020 
 
2570 
 
2040 
 
2130 
 
2417 
 
2967 
 
2888 
 
2286 
 
1992 
 
2112 
 
2704 
 
3029 
 
2639 
 
2066 
 
1981 
 
2347 
 
2931 
 
2932 
 
2351 
 
2090 
 
2070 
 
2637 
 
3030 
 
2706 
 
2384 
 
1992 
 
2281 
 
2887 
 
2968 
 
2739 
 
2134 
 
2040 
 
2571 
 
3032 
 
2989 
 
2452 
 
2003 
 
2223 
 
2836 
 
3012 
 
2797 
 
2184 
 
2015 
 
2500 
 
2808 
 
3008 
 
2523 
 
2021 
 
2169 
 
2469 
 
2991 
 
2851 
 
2235 
 
2000 
 
2143 
 
2750 
 
3024 
 
2592 
 
2046 
 
1996 
 
2398 
 
2958 
 
2901 
 
2304 
 
2064 
 
2098 
 
2686 
 
3029 
 
2658 
 
2336 
 
1990 
 
2328 
 
2918 
 
2941 
 
2689 
 
2103 
 
2061 
 
2619 
 
3026 
 
2960 
 
2402 
 
1996 
 
2267 
 
2874 
 
3025 
 
2754 
 
2146 
 
2034 
 
2551 
 
2848 
 
3002 
 
2472 
 
2007 
 
2209 
 
2517 
 
3006 
 
2811 
 
2199 
 
2009 
 
2180 
 
2793 
 
3011 
 
2540 
 
2027 
 
2002 
 
2448 
 
2983 
 
2864 
 
2255 
 
2031 
 
2126 
 
2733 
 
3025 
 
2607 
 
2288 
 
1995 
 
2379 
 
2948 
 
2913 
 
2641 
 
2072 
 
2089 
 
2670 
 
3029 
 
2932 
 
2352 
 
1994 
 
2314 
 
2918 
 
3035 
 
2709 
 
2111 
 
2052 
 
2603 
 
2885 
 
2969 
 
2421 
 
1999 
 
2253 
 
2569 
 
3019 
 
2767 
 
2159 
 
2025 
 
2221 
 
2834 
 
2998 
 
2489 
 
2012 
 
2015 
 
2499 
 
2999 
 
2828 
 
2213 
 
2021 
 
2165 
 
2778 
 
3019 
 
2558 
 
2242 
 
2000 
 
2430 
 
2974 
 
2880 
 
2592 
 
2047 
 
2110 
 
2717 
 
3027 
 
2903 
 
2305 
 
1990 
 
2365 
 
2940 
 
3029 
 
2660 
 
2082 
 
2080 
 
2653 
 
2919 
 
2945 
 
2371 
 
1992 
 
2299 
 
2618 
 
3037 
 
2725 
 
2125 
 
2045 
 
2265 
 
2872 
 
2980 
 
2439 
 
2001 
 
2031 
 
2549 
 
3016 
 
2784 
 
2173 
 
2007 
 
2207 
 
2821 
 
3005 
 
2506 
 
2191 
 
2007 
 
2483 
 
2994 
 
2839 
 
2541 
 
2029 
 
2154 
 
2762 
 
3021 
 
2867 
 
2258 
 
1996 
 
2412 
 
2964 
 
3025 
 
2609 
 
2056 
 
2106 
 
2704 
 
2951 
 
2913 
 
2322 
 
1992 
 
2345 
 
2665 
 
3030 
 
2678 
 
2092 
 
2067 
 
2311 
 
2907 
 
2953 
 
2389 
 
1995 
 
2051 
 
2601 
 
3027 
 
2745 
 
2137 
 
1999 
 
2249 
 
2859 
 
2986 
 
2458 
 
2162 
 
2024 
 
2532 
 
3012 
 
2801 
 
2492 
 
2014 
 
2189 
 
2805 
 
3010 
 
2828 
 
2214 
 
1995 
 
2462 
 
2989 
 
3019 
 
2560 
 
2036 
 
2141 
 
2745 
 
2973 
 
2880 
 
2275 
 
1994 
 
2393 
 
2715 
 
3028 
 
2628 
 
2064 
 
2094 
 
2362 
 
2948 
 
2927 
 
2339 
 
1993 
 
2075 
 
2651 
 
3030 
 
2696 
 
2103 
 
1993 
 
2295 
 
2895 
 
2962 
 
2406 
 
2125 
 
2043 
 
2582 
 
3021 
 
2755 
 
2437 
 
2001 
 
2234 
 
2847 
 
2993 
 
2788 
 
2176 
 
2020 
 
2512 
 
3006 
 
3004 
 
2508 
 
2018 
 
2176 
 
2790 
 
2993 
 
2843 
 
2232 
 
2002 
 
2443 
 
2763 
 
3022 
 
2577 
 
2041 
 
2127 
 
2409 
 
2967 
 
2894 
 
2294 
 
1993 
 
2104 
 
2698 
 
3030 
 
2647 
 
2073 
 
1993 
 
2342 
 
2926 
 
2946 
 
2358 
 
2093 
 
2066 
 
2634 
 
3027 
 
2710 
 
2392 
 
1997 
 
2278 
 
2883 
 
2973 
 
2743 
 
2138 
 
2035 
 
2565 
 
3021 
 
2987 
 
2459 
 
1994 
 
2218 
 
2832 
 
3009 
 
2802 
 
2190 
 
2014 
 
2493 
 
2804 
 
3010 
 
2527 
 
2022 
 
2164 
 
2461 
 
2986 
 
2857 
 
2248 
 
2000 
 
2138 
 
2750 
 
3026 
 
2595 
 
2050 
 
1995 
 
2393 
 
2954 
 
2902 
 
2309 
 
2064 
 
2093 
 
2682 
 
3029 
 
2664 
 
2341 
 
1992 
 
2324 
 
2915 
 
2947 
 
2699 
 
2102 
 
2058 
 
2614 
 
3027 
 
2963 
 
2410 
 
1997 
 
2262 
 
2870 
 
3022 
 
2759 
 
2153 
 
2029 
 
2546 
 
2843 
 
2994 
 
2477 
 
2007 
 
2196 
 
2508 
 
3006 
 
2819 
 
2206 
 
2009 
 
2175 
 
2789 
 
3014 
 
2546 
 
2029 
 
2002 
 
2441 
 
2981 
 
2871 
 
2263 
 
2043 
 
2126 
 
2730 
 
3039 
 
2615 
 
2293 
 
1995 
 
2373 
 
2944 
 
2918 
 
2649 
 
2075 
 
2082 
 
2665 
 
3030 
 
2937 
 
2360 
 
1990 
 
2307 
 
2902 
 
3027 
 
2711 
 
2108 
 
2048 
 
2596 
 
2882 
 
2971 
 
2426 
 
1999 
 
2248 
 
2563 
 
3019 
 
2777 
 
2165 
 
2023 
 
2216 
 
2830 
 
3000 
 
2495 
 
2015 
 
2013 
 
2494 
 
3000 
 
2832 
 
2218 
 
2021 
 
2162 
 
2772 
 
3018 
 
2567 
 
2248 
 
1999 
 
2424 
 
2970 
 
2882 
 
2600 
 
2053 
 
2115 
 
2710 
 
3028 
 
2911 
 
2311 
 
1994 
 
2356 
 
2934 
 
3030 
 
2666 
 
2086 
 
2074 
 
2645 
 
2915 
 
2947 
 
2378 
 
1995 
 
2293 
 
2610 
 
3026 
 
2731 
 
2128 
 
2032 
 
2256 
 
2868 
 
2979 
 
2444 
 
2003 
 
2029 
 
2543 
 
3012 
 
2789 
 
2177 
 
2010 
 
2202 
 
2816 
 
3005 
 
2513 
 
2205 
 
2010 
 
2475 
 
3003 
 
2847 
 
2548 
 
2031 
 
2149 
 
2756 
 
3022 
 
2872 
 
2265 
 
1998 
 
2406 
 
2962 
 
3027 
 
2616 
 
2060 
 
2103 
 
2694 
 
2944 
 
2916 
 
2325 
 
1992 
 
2339 
 
2660 
 
3030 
 
2683 
 
2096 
 
2065 
 
2306 
 
2903 
 
2956 
 
2395 
 
1996 
 
2049 
 
2594 
 
3023 
 
2746 
 
2142 
 
2000 
 
2240 
 
2857 
 
2988 
 
2464 
 
2168 
 
2023 
 
2524 
 
3008 
 
2805 
 
2499 
 
2014 
 
2189 
 
2801 
 
3010 
 
2832 
 
2220 
 
2006 
 
2457 
 
2985 
 
3028 
 
2568 
 
2037 
 
2137 
 
2740 
 
2970 
 
2884 
 
2281 
 
1996 
 
2389 
 
2707 
 
3028 
 
2634 
 
2067 
 
2092 
 
2355 
 
2935 
 
2928 
 
2345 
 
1982 
 
2070 
 
2642 
 
3029 
 
2699 
 
2107 
 
1994 
 
2290 
 
2891 
 
2964 
 
2412 
 
2131 
 
2041 
 
2576 
 
3021 
 
2764 
 
2446 
 
2003 
 
2229 
 
2847 
 
2994 
 
2792 
 
2180 
 
2017 
 
2507 
 
3003 
 
3005 
 
2515 
 
2020 
 
2173 
 
2785 
 
2992 
 
2846 
 
2238 
 
2004 
 
2440 
 
2754 
 
3021 
 
2585 
 
2044 
 
2124 
 
2404 
 
2962 
 
2896 
 
2299 
 
1994 
 
2103 
 
2692 
 
3029 
 
2653 
 
2078 
 
1993 
 
2337 
 
2924 
 
2939 
 
2363 
 
2098 
 
2056 
 
2624 
 
3026 
 
2717 
 
2397 
 
1996 
 
2272 
 
2877 
 
2974 
 
2747 
 
2143 
 
2035 
 
2558 
 
3017 
 
2988 
 
2466 
 
2008 
 
2214 
 
2829 
 
3015 
 
2810 
 
2195 
 
2014 
 
2489 
 
2798 
 
3011 
 
2533 
 
2026 
 
2160 
 
2455 
 
2984 
 
2861 
 
2252 
 
1999 
 
2136 
 
2738 
 
3024 
 
2602 
 
2044 
 
1990 
 
2387 
 
2951 
 
2908 
 
2314 
 
2071 
 
2093 
 
2675 
 
3030 
 
2668 
 
2348 
 
1993 
 
2320 
 
2912 
 
2949 
 
2702 
 
2109 
 
2055 
 
2610 
 
3026 
 
2965 
 
2415 
 
1998 
 
2257 
 
2866 
 
3019 
 
2763 
 
2157 
 
2028 
 
2538 
 
2837 
 
2994 
 
2485 
 
2011 
 
2196 
 
2506 
 
3002 
 
2827 
 
2209 
 
2009 
 
2173 
 
2782 
 
3015 
 
2551 
 
2033 
 
2002 
 
2437 
 
2976 
 
2875 
 
2269 
 
2047 
 
2122 
 
2721 
 
3027 
 
2620 
 
2300 
 
1985 
 
2368 
 
2943 
 
2920 
 
2653 
 
2079 
 
2081 
 
2657 
 
3029 
 
2940 
 
2365 
 
1993 
 
2302 
 
2901 
 
3026 
 
2719 
 
2121 
 
2047 
 
2590 
 
2882 
 
2977 
 
2432 
 
2000 
 
2242