2603 
 
2538 
 
2470 
 
2437 
 
2367 
 
2302 
 
2240 
 
2179 
 
2155 
 
2104 
 
2060 
 
2027 
 
2001 
 
1993 
 
1982 
 
1977 
 
1974 
 
1979 
 
1983 
 
1996 
 
2019 
 
2042 
 
2092 
 
2116 
 
2166 
 
2223 
 
2285 
 
2348 
 
2381 
 
2451 
 
2520 
 
2586 
 
2655 
 
2687 
 
2751 
 
2811 
 
2865 
 
2914 
 
2935 
 
2975 
 
3018 
 
3033 
 
3048 
 
3051 
 
3056 
 
3049 
 
3036 
 
3014 
 
3001 
 
2967 
 
2927 
 
2881 
 
2828 
 
2798 
 
2740 
 
2673 
 
2608 
 
2538 
 
2503 
 
2435 
 
2369 
 
2303 
 
2241 
 
2210 
 
2156 
 
2106 
 
2062 
 
2028 
 
2014 
 
1994 
 
1982 
 
1976 
 
1975 
 
1977 
 
1985 
 
1997 
 
2018 
 
2047 
 
2061 
 
2112 
 
2165 
 
2221 
 
2282 
 
2313 
 
2380 
 
2448 
 
2516 
 
2585 
 
2618 
 
2684 
 
2748 
 
2807 
 
2863 
 
2887 
 
2933 
 
2973 
 
3006 
 
3041 
 
3044 
 
3051 
 
3055 
 
3052 
 
3037 
 
3027 
 
3002 
 
2970 
 
2929 
 
2880 
 
2856 
 
2801 
 
2740 
 
2677 
 
2609 
 
2574 
 
2506 
 
2438 
 
2370 
 
2305 
 
2275 
 
2213 
 
2158 
 
2105 
 
2063 
 
2043 
 
2014 
 
1994 
 
1983 
 
1977 
 
1976 
 
1978 
 
1983 
 
1995 
 
2017 
 
2031 
 
2066 
 
2104 
 
2163 
 
2220 
 
2251 
 
2312 
 
2379 
 
2447 
 
2516 
 
2547 
 
2617 
 
2684 
 
2747 
 
2806 
 
2835 
 
2886 
 
2933 
 
2974 
 
3005 
 
3020 
 
3051 
 
3051 
 
3054 
 
3050 
 
3044 
 
3028 
 
3002 
 
2969 
 
2929 
 
2906 
 
2855 
 
2801 
 
2740 
 
2677 
 
2646 
 
2576 
 
2508 
 
2442 
 
2373 
 
2337 
 
2274 
 
2213 
 
2158 
 
2108 
 
2085 
 
2046 
 
2014 
 
1994 
 
1983 
 
1978 
 
1975 
 
1977 
 
1984 
 
1997 
 
2005 
 
2032 
 
2067 
 
2111 
 
2156 
 
2185 
 
2248 
 
2311 
 
2377 
 
2444 
 
2479 
 
2546 
 
2617 
 
2682 
 
2743 
 
2774 
 
2833 
 
2884 
 
2930 
 
2971 
 
2989 
 
3016 
 
3038 
 
3062 
 
3057 
 
3053 
 
3045 
 
3027 
 
3003 
 
2970 
 
2952 
 
2908 
 
2857 
 
2803 
 
2744 
 
2712 
 
2647 
 
2580 
 
2510 
 
2443 
 
2409 
 
2342 
 
2272 
 
2216 
 
2160 
 
2133 
 
2086 
 
2045 
 
2015 
 
1995 
 
1988 
 
1979 
 
1976 
 
1977 
 
1982 
 
1988 
 
2004 
 
2031 
 
2065 
 
2109 
 
2133 
 
2182 
 
2245 
 
2309 
 
2376 
 
2409 
 
2478 
 
2546 
 
2614 
 
2680 
 
2712 
 
2774 
 
2832 
 
2884 
 
2930 
 
2952 
 
2988 
 
3017 
 
3038 
 
3055 
 
3064 
 
3056 
 
3045 
 
3028 
 
3003 
 
2989 
 
2951 
 
2909 
 
2859 
 
2804 
 
2774 
 
2713 
 
2647 
 
2581 
 
2511 
 
2478 
 
2409 
 
2344 
 
2277 
 
2212 
 
2185 
 
2136 
 
2089 
 
2048 
 
2017 
 
2006 
 
1989 
 
1979 
 
1976 
 
1977 
 
1980 
 
1988 
 
2004 
 
2029 
 
2065 
 
2085 
 
2132 
 
2185 
 
2240 
 
2306 
 
2339 
 
2406 
 
2475 
 
2543 
 
2611 
 
2646 
 
2709 
 
2771 
 
2831 
 
2883 
 
2906 
 
2948 
 
2987 
 
3017 
 
3037 
 
3043 
 
3054 
 
3066 
 
3047 
 
3030 
 
3019 
 
2989 
 
2954 
 
2911 
 
2861 
 
2835 
 
2777 
 
2716 
 
2651 
 
2583 
 
2547 
 
2481 
 
2413 
 
2345 
 
2279 
 
2251 
 
2185 
 
2137 
 
2088 
 
2049 
 
2031 
 
2005 
 
1989 
 
1979 
 
1974 
 
1975 
 
1977 
 
1987 
 
2003 
 
2029 
 
2044 
 
2083 
 
2129 
 
2183 
 
2245 
 
2271 
 
2338 
 
2406 
 
2473 
 
2541 
 
2576 
 
2643 
 
2709 
 
2770 
 
2829 
 
2856 
 
2907 
 
2949 
 
2987 
 
3017 
 
3028 
 
3045 
 
3053 
 
3056 
 
3057 
 
3044 
 
3019 
 
2990 
 
2953 
 
2912 
 
2888 
 
2834 
 
2778 
 
2716 
 
2652 
 
2617 
 
2549 
 
2482 
 
2416 
 
2349 
 
2314 
 
2252 
 
2192 
 
2131 
 
2091 
 
2068 
 
2032 
 
2007 
 
1990 
 
1979 
 
1978 
 
1975 
 
1979 
 
1988 
 
2004 
 
2014 
 
2042 
 
2083 
 
2129 
 
2182 
 
2211 
 
2272 
 
2333 
 
2403 
 
2471 
 
2504 
 
2572 
 
2641 
 
2706 
 
2768 
 
2799 
 
2854 
 
2904 
 
2948 
 
2985 
 
3001 
 
3026 
 
3044 
 
3053 
 
3054 
 
3051 
 
3049 
 
3022 
 
2991 
 
2956 
 
2936 
 
2890 
 
2837 
 
2781 
 
2720 
 
2687 
 
2619 
 
2551 
 
2486 
 
2416 
 
2382 
 
2315 
 
2253 
 
2194 
 
2138 
 
2106 
 
2068 
 
2032 
 
2007 
 
1989 
 
1984 
 
1977 
 
1976 
 
1977 
 
1987 
 
1992 
 
2012 
 
2042 
 
2081 
 
2126 
 
2154 
 
2209 
 
2271 
 
2334 
 
2399 
 
2435 
 
2503 
 
2572 
 
2639 
 
2705 
 
2737 
 
2796 
 
2851 
 
2904 
 
2947 
 
2968 
 
3001 
 
3025 
 
3044 
 
3053 
 
3055 
 
3050 
 
3040 
 
3031 
 
2992 
 
2975 
 
2935 
 
2889 
 
2839 
 
2781 
 
275 
 
68 
263 
254 
28 
 
2453 
 
2383 
 
2316 
 
2255 
 
2195 
 
2167 
 
2116 
 
2072 
 
2035 
 
2008 
 
1997 
 
1984 
 
1978 
 
1976 
 
1978 
 
1982 
 
1994 
 
2014 
 
2042 
 
2080 
 
2105 
 
2145 
 
2208 
 
2269 
 
2333 
 
2366 
 
2431 
 
2500 
 
2569 
 
2636 
 
2671 
 
2733 
 
2796 
 
2850 
 
2902 
 
2925 
 
2964 
 
3000 
 
3025 
 
3050 
 
3061 
 
3057 
 
3052 
 
3041 
 
3022 
 
3008 
 
2977 
 
2939 
 
2893 
 
2840 
 
2813 
 
2753 
 
2692 
 
2626 
 
2556 
 
2522 
 
2454 
 
2387 
 
2317 
 
2254 
 
2226 
 
2170 
 
2117 
 
2071 
 
2036 
 
2020 
 
1997 
 
1984 
 
1977 
 
1976 
 
1976 
 
1980 
 
1993 
 
2011 
 
2039 
 
2058 
 
2101 
 
2148 
 
2200 
 
2268 
 
2298 
 
2364 
 
2432 
 
2499 
 
2568 
 
2601 
 
2668 
 
2732 
 
2793 
 
2849 
 
2876 
 
2923 
 
2965 
 
2999 
 
3025 
 
3036 
 
3052 
 
3066 
 
3053 
 
3040 
 
3032 
 
3008 
 
2977 
 
2938 
 
2892 
 
2869 
 
2813 
 
2756 
 
2693 
 
2626 
 
2593 
 
2524 
 
2454 
 
2389 
 
2322 
 
2290 
 
2222 
 
2170 
 
2118 
 
2073 
 
2054 
 
2020 
 
1999 
 
1985 
 
1979 
 
1976 
 
1977 
 
1981 
 
1993 
 
2011 
 
2025 
 
2058 
 
2100 
 
2149 
 
2202 
 
2229 
 
2297 
 
2361 
 
2429 
 
2498 
 
2533 
 
2600 
 
2667 
 
2731 
 
2793 
 
2820 
 
2875 
 
2921 
 
2964 
 
2996 
 
3013 
 
3034 
 
3048 
 
3059 
 
3062 
 
3050 
 
3033 
 
3009 
 
2978 
 
2939 
 
2920 
 
2869 
 
2817 
 
2758 
 
2694 
 
2664 
 
2595 
 
2525 
 
2459 
 
2390 
 
2356 
 
2292 
 
2230 
 
2165 
 
2120 
 
2096 
 
2054 
 
2021 
 
1999 
 
1985 
 
1980 
 
1976 
 
1975 
 
1980 
 
1992 
 
2000 
 
2024 
 
2058 
 
2099 
 
2147 
 
2175 
 
2233 
 
2291 
 
2360 
 
2428 
 
2462 
 
2531 
 
2597 
 
2665 
 
2731 
 
2760 
 
2818 
 
2873 
 
2920 
 
2962 
 
2981 
 
3012 
 
3034 
 
3049 
 
3055 
 
3056 
 
3060 
 
3034 
 
3010 
 
2980 
 
2960 
 
2920 
 
2871 
 
2816 
 
2758 
 
2727 
 
2663 
 
2595 
 
2527 
 
2461 
 
2425 
 
2359 
 
2293 
 
2231 
 
2171 
 
2139 
 
2096 
 
2055 
 
2022 
 
2000 
 
1992 
 
1981 
 
1976 
 
1976 
 
1980 
 
1986 
 
2000 
 
2022 
 
2056 
 
2099 
 
2122 
 
2174 
 
2232 
 
2294 
 
2357 
 
2391 
 
2458 
 
2527 
 
2595 
 
2664 
 
2695 
 
2759 
 
2817 
 
2872 
 
2919 
 
2940 
 
2980 
 
3010 
 
3033 
 
3048 
 
3052 
 
3054 
 
3051 
 
3045 
 
3012 
 
2997 
 
2962 
 
2921 
 
2873 
 
2820 
 
2790 
 
2728 
 
2665 
 
2598 
 
2528 
 
2497 
 
2428 
 
2360 
 
2295 
 
2234 
 
2203 
 
2146 
 
2090 
 
2056 
 
2022 
 
2011 
 
1993 
 
1980 
 
1976 
 
1977 
 
1977 
 
1984 
 
1999 
 
2023 
 
2054 
 
2074 
 
2119 
 
2172 
 
2231 
 
2292 
 
2325 
 
2389 
 
2457 
 
2527 
 
2595 
 
2627 
 
2694 
 
2757 
 
2817 
 
2871 
 
2895 
 
2940 
 
2979 
 
3009 
 
3033 
 
3041 
 
3051 
 
3055 
 
3049 
 
3039 
 
3034 
 
2998 
 
2963 
 
2921 
 
2872 
 
2848 
 
2793 
 
2730 
 
2666 
 
2599 
 
2566 
 
2498 
 
2429 
 
2363 
 
2297 
 
2265 
 
2206 
 
2148 
 
2097 
 
2052 
 
2040 
 
2012 
 
1993 
 
1981 
 
1977 
 
1975 
 
1978 
 
1985 
 
1999 
 
2023 
 
2037 
 
2074 
 
2118 
 
2170 
 
2229 
 
2258 
 
2323 
 
2389 
 
2454 
 
2524 
 
2558 
 
2625 
 
2692 
 
2754 
 
2813 
 
2841 
 
2893 
 
2939 
 
2978 
 
3009 
 
3022 
 
3040 
 
3052 
 
3054 
 
3049 
 
3041 
 
3026 
 
3009 
 
2965 
 
2922 
 
2900 
 
2850 
 
2794 
 
2734 
 
2669 
 
2636 
 
2568 
 
2500 
 
2430 
 
2366 
 
2331 
 
2268 
 
2206 
 
2151 
 
2101 
 
2078 
 
2030 
 
2010 
 
1992 
 
1981 
 
1977 
 
1975 
 
1977 
 
1984 
 
1998 
 
2008 
 
2035 
 
2072 
 
2118 
 
2171 
 
2197 
 
2257 
 
2321 
 
2386 
 
2455 
 
2489 
 
2558 
 
2625 
 
2690 
 
2753 
 
2783 
 
2841 
 
2893 
 
2939 
 
2976 
 
2994 
 
3021 
 
3040 
 
3052 
 
3055 
 
3052 
 
3044 
 
3026 
 
3006 
 
2971 
 
2946 
 
2901 
 
2849 
 
2795 
 
2734 
 
2703 
 
2636 
 
2569 
 
2500 
 
2432 
 
2399 
 
2333 
 
2268 
 
2207 
 
2151 
 
2127 
 
2080 
 
2038 
 
2004 
 
1995 
 
1988 
 
1979 
 
1976 
 
1977 
 
1984 
 
1990 
 
2009 
 
2036 
 
2070 
 
2115 
 
2142 
 
2197 
 
2254 
 
2319 
 
2386 
 
2418 
 
2486 
 
2555 
 
2622 
 
2689 
 
2720 
 
2781 
 
2838 
 
2890 
 
2937 
 
2957 
 
2993 
 
3020 
 
3039 
 
3051 
 
3055 
 
3052 
 
3045 
 
3026 
 
2999 
 
2984 
 
2956 
 
2904 
 
2855 
 
2798 
 
2766 
 
2704 
 
2638 
 
2573 
 
2505 
 
2470 
 
2401 
 
2333 
 
2272 
 
2211 
 
2182 
 
2127 
 
2081 
 
2042 
 
2007 
 
1991 
 
1986 
 
1977 
 
1975 
 
1977 
 
1978 
 
1990 
 
2008 
 
2032 
 
2069 
 
2090 
 
2138 
 
2195 
 
2253 
 
2315 
 
2351 
 
2416 
 
2486 
 
2554 
 
2623 
 
2654 
 
2720 
 
2781 
 
2837 
 
2889 
 
2913 
 
2957 
 
2992 
 
3019 
 
3041 
 
3047 
 
3055 
 
3055 
 
3044 
 
3027 
 
3016 
 
2985 
 
2949 
 
2911 
 
2853 
 
2826 
 
2768 
 
2707 
 
2642 
 
2573 
 
2537 
 
2472 
 
2403 
 
2336 
 
2271 
 
2241 
 
2184 
 
2129 
 
2082 
 
2044 
 
2026 
 
2002 
 
1976 
 
1979 
 
1976 
 
1975 
 
1980 
 
1989 
 
2005 
 
2034 
 
2050 
 
2090 
 
2138 
 
2191 
 
2252 
 
2282 
 
2347 
 
2413 
 
2482 
 
2552 
 
2585 
 
2653 
 
2715 
 
2779 
 
2837 
 
2863 
 
2911 
 
2954 
 
2992 
 
3020 
 
3030 
 
3048 
 
3054 
 
3055 
 
3045 
 
3036 
 
3016 
 
2986 
 
2949 
 
2908 
 
2890 
 
2829 
 
2771 
 
2710 
 
2644 
 
2612 
 
2543 
 
2474 
 
2406 
 
2338 
 
2306 
 
2246 
 
2186 
 
2132 
 
2085 
 
2064 
 
2029 
 
2002 
 
1983 
 
1971 
 
1975 
 
1976 
 
1979 
 
1988 
 
2005 
 
2017 
 
2047 
 
2089 
 
2136 
 
2191 
 
2221 
 
2281 
 
2346 
 
2411 
 
2480 
 
2514 
 
2584 
 
2652 
 
2719 
 
2777 
 
2805 
 
2861 
 
2910 
 
2953 
 
2989 
 
3005 
 
3030 
 
3048 
 
3053 
 
3054 
 
3050 
 
3037 
 
3015 
 
2987 
 
2951 
 
2928 
 
2885 
 
2837 
 
2772 
 
2708 
 
2676 
 
2613 
 
2543 
 
2476 
 
2406 
 
2372 
 
2307 
 
2245 
 
2186 
 
2133 
 
2107 
 
2064 
 
2029 
 
2005 
 
1989 
 
1983 
 
1966 
 
1975 
 
1978 
 
1989 
 
1997 
 
2016 
 
2047 
 
2087 
 
2134 
 
2161 
 
2218 
 
2279 
 
2344 
 
2410 
 
2444 
 
2511 
 
2581 
 
2649 
 
2717 
 
2749 
 
2805 
 
2859 
 
2908 
 
2951 
 
2972 
 
3003 
 
3028 
 
3046 
 
3054 
 
3056 
 
3050 
 
3038 
 
3017 
 
2989 
 
2972 
 
2930 
 
2884 
 
2836 
 
2778 
 
2745 
 
2680 
 
2612 
 
2545 
 
2478 
 
2443 
 
2375 
 
2309 
 
2247 
 
2189 
 
2159 
 
2109 
 
2064 
 
2029 
 
2006 
 
1995 
 
1983 
 
1975 
 
1964 
 
1978 
 
1982 
 
1995 
 
2015 
 
2046 
 
2085 
 
2108 
 
2160 
 
2215 
 
2277 
 
2343 
 
2375 
 
2442 
 
2512 
 
2579 
 
2648 
 
2678 
 
2743 
 
2809 
 
2860 
 
2908 
 
2933 
 
2971 
 
3004 
 
3028 
 
3043 
 
3050 
 
3056 
 
3050 
 
3038 
 
3016 
 
3004 
 
2970 
 
2931 
 
2885 
 
2831 
 
2807 
 
2749 
 
2680 
 
2615 
 
2546 
 
2513 
 
2444 
 
2375 
 
2311 
 
2247 
 
2219 
 
2162 
 
2111 
 
2066 
 
2032 
 
2018 
 
1996 
 
1982 
 
1978 
 
1966 
 
1966 
 
1982 
 
1996 
 
2015 
 
2045 
 
2065 
 
2107 
 
2159 
 
2215 
 
2275 
 
2306 
 
2373 
 
2442 
 
2508 
 
2577 
 
2609 
 
2677 
 
2739 
 
2803 
 
2863 
 
2882 
 
2928 
 
2969 
 
3001 
 
3026 
 
3037 
 
3051 
 
3054 
 
3051 
 
3040 
 
3031 
 
3006 
 
2972 
 
2933 
 
2886 
 
2861 
 
2806 
 
2747 
 
2687 
 
2616 
 
2585 
 
2515 
 
2448 
 
2380 
 
2313 
 
2281 
 
2220 
 
2162 
 
2113 
 
2065 
 
2048 
 
2016 
 
1995 
 
1984 
 
1977 
 
1976 
 
1975 
 
1973 
 
1994 
 
2014 
 
2028 
 
2060 
 
2105 
 
2157 
 
2213 
 
2244 
 
2305 
 
2371 
 
2439 
 
2506 
 
2542 
 
2609 
 
2676 
 
2739 
 
2799 
 
2828 
 
2890 
 
2927 
 
2968 
 
3001 
 
3017 
 
3037 
 
3049 
 
3055 
 
3051 
 
3046 
 
3029 
 
3004 
 
2973 
 
2935 
 
2911 
 
2861 
 
2808 
 
2747 
 
2686 
 
2654 
 
2586 
 
2516 
 
2449 
 
2380 
 
2348 
 
2282 
 
2221 
 
2164 
 
2113 
 
2090 
 
2050 
 
2020 
 
1997 
 
1983 
 
1980 
 
1976 
 
1977 
 
1980 
 
1986 
 
2002 
 
2027 
 
2062 
 
2105 
 
2156 
 
2182 
 
2241 
 
2302 
 
2369 
 
2437 
 
2471 
 
2540 
 
2606 
 
2674 
 
2738 
 
2767 
 
2826 
 
2882 
 
2934 
 
2967 
 
2983 
 
3014 
 
3035 
 
3048 
 
3054 
 
3054 
 
3047 
 
3031 
 
3006 
 
2976 
 
2956 
 
2914 
 
2864 
 
2808 
 
2749 
 
2721 
 
2654 
 
2590 
 
2519 
 
2452 
 
2416 
 
2349 
 
2285 
 
2223 
 
2167 
 
2139 
 
2090 
 
2049 
 
2019 
 
1997 
 
1988 
 
1979 
 
1975 
 
1975 
 
1981 
 
1986 
 
1991 
 
2026 
 
2060 
 
2104 
 
2126 
 
2179 
 
2240 
 
2302 
 
2368 
 
2402 
 
2470 
 
2539 
 
2605 
 
2671 
 
2706 
 
2767 
 
2826 
 
2878 
 
2930 
 
2956 
 
2985 
 
3015 
 
3035 
 
3048 
 
3052 
 
3054 
 
3046 
 
3031 
 
3006 
 
2994 
 
2958 
 
2914 
 
2865 
 
2811 
 
2782 
 
2721 
 
2655 
 
2588 
 
2520 
 
2487 
 
2420 
 
2351 
 
2285 
 
2227 
 
2197 
 
2141 
 
2092 
 
2051 
 
2020 
 
2007 
 
1990 
 
1980 
 
1975 
 
1977 
 
1978 
 
1988 
 
1999 
 
2017 
 
2060 
 
2080 
 
2127 
 
2180 
 
2238 
 
2299 
 
2332 
 
2399 
 
2468 
 
2535 
 
2603 
 
2637 
 
2702 
 
2765 
 
2822 
 
2876 
 
2902 
 
2946 
 
2992 
 
3012 
 
3035 
 
3044 
 
3052 
 
3052 
 
3047 
 
3034 
 
3020 
 
2995 
 
2957 
 
2915 
 
2868 
 
2841 
 
2785 
 
2722 
 
2658 
 
2591 
 
2558 
 
2488 
 
2419 
 
2351 
 
2288 
 
2258 
 
2196 
 
2142 
 
2093 
 
2053 
 
2035 
 
2008 
 
1991 
 
1980 
 
1977 
 
1975 
 
1979 
 
1985 
 
2001 
 
2018 
 
2031 
 
2079 
 
2125 
 
2178 
 
2238 
 
2267 
 
2331 
 
2398 
 
2465 
 
2535 
 
2567 
 
2635 
 
2700 
 
2764 
 
2821 
 
2849 
 
2901 
 
2944 
 
2984 
 
3021 
 
3027 
 
3043 
 
3053 
 
3054 
 
3049 
 
3041 
 
3021 
 
2993 
 
2958 
 
2917 
 
2893 
 
2841 
 
2783 
 
2722 
 
2659 
 
2624 
 
2559 
 
2490 
 
2420 
 
2357 
 
2318 
 
2259 
 
2199 
 
2142 
 
2095 
 
2072 
 
2035 
 
2010 
 
1991 
 
1981 
 
1978 
 
1975 
 
1978 
 
1987 
 
2002 
 
2011 
 
2038 
 
2070 
 
2123 
 
2175 
 
2206 
 
2264 
 
2328 
 
2395 
 
2462 
 
2497 
 
2567 
 
2635 
 
2698 
 
2760 
 
2792 
 
2848 
 
2898 
 
2942 
 
2981 
 
2998 
 
3035 
 
3044 
 
3052 
 
3055 
 
3052 
 
3041 
 
3022 
 
2995 
 
2961 
 
2940 
 
2894 
 
2843 
 
2786 
 
2725 
 
2695 
 
2628 
 
2561 
 
2494 
 
2420 
 
2388 
 
2323 
 
2260 
 
2201 
 
2144 
 
2121 
 
2074 
 
2036 
 
2011 
 
1991 
 
1986 
 
1979 
 
1976 
 
1979 
 
1985 
 
1992 
 
2010 
 
2038 
 
2072 
 
2116 
 
2146 
 
2203 
 
2265 
 
2326 
 
2392 
 
2428 
 
2496 
 
2565 
 
2632 
 
2698 
 
2728 
 
2790 
 
2846 
 
2897 
 
2943 
 
2961 
 
2995 
 
3025 
 
3052 
 
3051 
 
3055 
 
3051 
 
3041 
 
3022 
 
2996 
 
2978 
 
2941 
 
2896 
 
2845 
 
2790 
 
2758 
 
2695 
 
2628 
 
2563 
 
2495 
 
2460 
 
2389 
 
2323 
 
2261 
 
2201 
 
2174 
 
2120 
 
2074 
 
2038 
 
2011 
 
2001 
 
1986 
 
1978 
 
1976 
 
1978 
 
1981 
 
1993 
 
2010 
 
2038 
 
2076 
 
2096 
 
2139 
 
2202 
 
2262 
 
2325 
 
2358 
 
2425 
 
2495 
 
2561 
 
2629 
 
2662 
 
2727 
 
2788 
 
2843 
 
2894 
 
2919 
 
2960 
 
2995 
 
3022 
 
3046 
 
3058 
 
3056 
 
3053 
 
3041 
 
3024 
 
3010 
 
2980 
 
2941 
 
2898 
 
2848 
 
2819 
 
2761 
 
2699 
 
2632 
 
2563 
 
2530 
 
2463 
 
2394 
 
2329 
 
2261 
 
2232 
 
2176 
 
2124 
 
2076 
 
2040 
 
2022 
 
2000 
 
1986 
 
1977 
 
1976 
 
1976 
 
1981 
 
1991 
 
2010 
 
2037 
 
2054 
 
2096 
 
2145 
 
2195 
 
2260 
 
2293 
 
2357 
 
2425 
 
2492 
 
2559 
 
2594 
 
2662 
 
2725 
 
2786 
 
2845 
 
2869 
 
2919 
 
2960 
 
2994 
 
3022 
 
3034 
 
3050 
 
3065 
 
3053 
 
3041 
 
3034 
 
3011 
 
2980 
 
2942 
 
2897 
 
2874 
 
2819 
 
2760 
 
2699 
 
2633 
 
2599 
 
2532 
 
2465 
 
2397 
 
2330