2132 
 
2123 
 
2456 
 
3012 
 
2629 
 
2025 
 
2300 
 
2675 
 
3002 
 
2410 
 
2003 
 
2515 
 
2862 
 
2898 
 
2206 
 
2067 
 
2731 
 
2984 
 
2725 
 
2065 
 
2212 
 
2913 
 
3023 
 
2509 
 
2003 
 
2414 
 
3003 
 
2956 
 
2293 
 
2028 
 
2637 
 
3010 
 
2812 
 
2120 
 
2134 
 
2832 
 
2925 
 
2611 
 
2020 
 
2317 
 
2979 
 
2762 
 
2390 
 
2005 
 
2535 
 
3019 
 
2551 
 
2193 
 
2076 
 
2748 
 
2974 
 
2331 
 
2054 
 
2227 
 
2915 
 
2844 
 
2147 
 
2003 
 
2435 
 
3017 
 
2652 
 
2033 
 
2034 
 
2655 
 
3007 
 
2431 
 
2003 
 
2150 
 
2847 
 
2912 
 
2225 
 
2058 
 
2337 
 
2975 
 
2744 
 
2077 
 
2195 
 
2555 
 
3024 
 
2532 
 
2008 
 
2394 
 
2764 
 
2965 
 
2313 
 
2021 
 
2616 
 
2926 
 
2828 
 
2136 
 
2124 
 
2815 
 
3010 
 
2633 
 
2028 
 
2299 
 
2960 
 
3010 
 
2413 
 
2004 
 
2514 
 
3020 
 
2901 
 
2208 
 
2065 
 
2728 
 
2981 
 
2726 
 
2066 
 
2211 
 
2901 
 
2859 
 
2513 
 
2005 
 
2414 
 
3004 
 
2674 
 
2296 
 
2028 
 
2633 
 
3009 
 
2452 
 
2123 
 
2136 
 
2829 
 
2923 
 
2243 
 
2024 
 
2318 
 
2965 
 
2763 
 
2089 
 
2006 
 
2533 
 
3018 
 
2556 
 
2009 
 
2077 
 
2745 
 
2975 
 
2335 
 
2018 
 
2227 
 
2914 
 
2845 
 
2150 
 
2109 
 
2432 
 
3005 
 
2653 
 
2035 
 
2279 
 
2652 
 
3006 
 
2430 
 
2001 
 
2493 
 
2844 
 
2914 
 
2228 
 
2058 
 
2709 
 
2975 
 
2746 
 
2075 
 
2193 
 
2888 
 
3019 
 
2534 
 
2007 
 
2393 
 
2997 
 
2967 
 
2312 
 
2020 
 
2612 
 
3013 
 
2832 
 
2136 
 
2120 
 
2814 
 
2937 
 
2633 
 
2028 
 
2295 
 
2957 
 
2781 
 
2413 
 
2002 
 
2512 
 
3019 
 
2573 
 
2206 
 
2061 
 
2727 
 
2984 
 
2355 
 
2066 
 
2210 
 
2902 
 
2860 
 
2163 
 
2005 
 
2412 
 
3002 
 
2673 
 
2039 
 
2025 
 
2632 
 
3012 
 
2454 
 
1991 
 
2130 
 
2829 
 
2928 
 
2244 
 
2046 
 
2313 
 
2967 
 
2765 
 
2086 
 
2175 
 
2529 
 
3018 
 
2554 
 
2007 
 
2371 
 
2745 
 
2976 
 
2336 
 
2005 
 
2590 
 
2912 
 
2848 
 
2151 
 
2104 
 
2797 
 
3008 
 
2654 
 
2033 
 
2278 
 
2947 
 
3008 
 
2434 
 
2000 
 
2490 
 
3017 
 
2915 
 
2227 
 
2045 
 
2705 
 
2992 
 
2750 
 
2076 
 
2191 
 
2887 
 
2876 
 
2535 
 
2005 
 
2389 
 
2995 
 
2693 
 
2316 
 
2020 
 
2609 
 
3016 
 
2476 
 
2137 
 
2112 
 
2813 
 
2939 
 
2261 
 
2028 
 
2294 
 
2958 
 
2784 
 
2099 
 
2003 
 
2508 
 
3017 
 
2578 
 
2013 
 
2062 
 
2726 
 
2985 
 
2357 
 
2009 
 
2201 
 
2901 
 
2862 
 
2167 
 
2095 
 
2410 
 
3001 
 
2675 
 
2043 
 
2255 
 
2630 
 
3013 
 
2457 
 
2001 
 
2469 
 
2829 
 
2930 
 
2245 
 
2045 
 
2691 
 
2971 
 
2768 
 
2088 
 
2175 
 
2874 
 
3018 
 
2557 
 
2009 
 
2369 
 
2990 
 
2978 
 
2338 
 
2015 
 
2590 
 
3018 
 
2848 
 
2152 
 
2106 
 
2801 
 
2951 
 
2657 
 
2035 
 
2274 
 
2947 
 
2802 
 
2438 
 
2003 
 
2488 
 
3018 
 
2598 
 
2229 
 
2056 
 
2707 
 
2993 
 
2376 
 
2078 
 
2189 
 
2895 
 
2881 
 
2182 
 
2006 
 
2387 
 
2995 
 
2693 
 
2049 
 
2020 
 
2609 
 
3015 
 
2478 
 
2002 
 
2116 
 
2811 
 
2939 
 
2265 
 
2037 
 
2293 
 
2967 
 
2786 
 
2099 
 
2159 
 
2507 
 
3019 
 
2578 
 
2013 
 
2348 
 
2725 
 
2985 
 
2358 
 
2011 
 
2568 
 
2900 
 
2866 
 
2166 
 
2094 
 
2777 
 
3010 
 
2681 
 
2042 
 
2256 
 
2935 
 
3013 
 
2458 
 
2003 
 
2468 
 
3013 
 
2929 
 
2249 
 
2046 
 
2686 
 
2998 
 
2768 
 
2090 
 
2173 
 
2873 
 
2903 
 
2561 
 
2009 
 
2367 
 
2989 
 
2715 
 
2340 
 
2015 
 
2588 
 
3017 
 
2499 
 
2153 
 
2105 
 
2792 
 
2951 
 
2284 
 
2036 
 
2273 
 
2946 
 
2810 
 
2113 
 
2002 
 
2486 
 
3016 
 
2600 
 
2018 
 
2054 
 
2703 
 
2992 
 
2379 
 
2008 
 
2188 
 
2885 
 
2879 
 
2183 
 
2084 
 
2386 
 
2994 
 
2701 
 
2050 
 
2238 
 
2606 
 
3015 
 
2480 
 
2002 
 
2446 
 
2808 
 
2943 
 
2267 
 
2037 
 
2665 
 
2956 
 
2787 
 
2102 
 
2160 
 
2854 
 
3017 
 
2582 
 
2012 
 
2346 
 
2981 
 
2986 
 
2360 
 
2010 
 
2565 
 
3019 
 
2867 
 
2167 
 
2092 
 
2774 
 
2962 
 
2679 
 
2043 
 
2253 
 
2934 
 
2821 
 
2460 
 
1997 
 
2465 
 
3013 
 
2621 
 
2250 
 
2044 
 
2683 
 
3000 
 
2400 
 
2090 
 
2172 
 
2870 
 
2894 
 
2201 
 
2010 
 
2365 
 
2989 
 
2718 
 
2053 
 
2009 
 
2584 
 
3016 
 
2500 
 
2005 
 
2104 
 
2790 
 
2952 
 
2287 
 
2031 
 
2271 
 
2943 
 
2804 
 
2117 
 
2144 
 
2484 
 
3015 
 
2602 
 
2009 
 
2326 
 
2701 
 
2992 
 
2382 
 
2007 
 
2543 
 
2882 
 
2881 
 
2185 
 
2082 
 
2756 
 
2993 
 
2700 
 
2052 
 
2236 
 
2921 
 
3014 
 
2482 
 
1992 
 
2442 
 
3009 
 
2942 
 
2269 
 
2039 
 
2663 
 
3005 
 
2789 
 
2102 
 
2156 
 
2854 
 
2907 
 
2582 
 
2015 
 
2344 
 
2981 
 
2736 
 
2363 
 
2000 
 
2562 
 
3019 
 
2521 
 
2170 
 
2092 
 
2772 
 
2963 
 
2306 
 
2043 
 
2253 
 
2933 
 
2822 
 
2129 
 
2002 
 
2462 
 
3012 
 
2622 
 
2021 
 
2038 
 
2681 
 
2999 
 
2403 
 
2005 
 
2171 
 
2867 
 
2895 
 
2202 
 
2069 
 
2364 
 
2987 
 
2720 
 
2061 
 
2216 
 
2582 
 
3017 
 
2502 
 
2002 
 
2420 
 
2790 
 
2954 
 
2288 
 
2029 
 
2641 
 
2943 
 
2807 
 
2114 
 
2140 
 
2838 
 
3014 
 
2604 
 
2018 
 
2324 
 
2972 
 
2993 
 
2384 
 
2005 
 
2544 
 
3020 
 
2881 
 
2186 
 
2080 
 
2754 
 
2972 
 
2701 
 
2051 
 
2234 
 
2920 
 
2837 
 
2484 
 
2003 
 
2442 
 
3009 
 
2644 
 
2271 
 
2037 
 
2665 
 
3005 
 
2424 
 
2104 
 
2154 
 
2853 
 
2909 
 
2218 
 
2014 
 
2342 
 
2980 
 
2739 
 
2072 
 
2011 
 
2560 
 
3017 
 
2523 
 
2004 
 
2091 
 
2778 
 
2964 
 
2308 
 
2024 
 
2250 
 
2930 
 
2824 
 
2129 
 
2126 
 
2462 
 
3012 
 
2626 
 
2026 
 
2304 
 
2679 
 
3001 
 
2405 
 
2004 
 
2521 
 
2876 
 
2900 
 
2202 
 
2069 
 
2734 
 
2986 
 
2720 
 
2062 
 
2217 
 
2907 
 
3017 
 
2504 
 
2003 
 
2421 
 
3005 
 
2954 
 
2289 
 
2028 
 
2641 
 
3020 
 
2813 
 
2117 
 
2140 
 
2836 
 
2924 
 
2606 
 
2020 
 
2322 
 
2970 
 
2757 
 
2385 
 
2007 
 
2540 
 
3020 
 
2547 
 
2188 
 
2078 
 
2753 
 
2982 
 
2328 
 
2054 
 
2231 
 
2918 
 
2840 
 
2144 
 
2001 
 
2439 
 
3009 
 
2646 
 
2031 
 
2035 
 
2660 
 
3006 
 
2427 
 
2003 
 
2154 
 
2852 
 
2917 
 
2220 
 
2060 
 
2340 
 
2978 
 
2740 
 
2072 
 
2197 
 
2559 
 
3019 
 
2527 
 
2007 
 
2399 
 
2768 
 
2965 
 
2310 
 
2023 
 
2620 
 
2932 
 
2831 
 
2130 
 
2125 
 
2819 
 
3012 
 
2628 
 
2025 
 
2302 
 
2961 
 
3000 
 
2405 
 
2004 
 
2519 
 
3018 
 
2898 
 
2203 
 
2068 
 
2733 
 
2983 
 
2726 
 
2061 
 
2214 
 
2905 
 
2857 
 
2508 
 
2003 
 
2420 
 
3004 
 
2666 
 
2292 
 
2029 
 
2638 
 
3010 
 
2447 
 
2117 
 
2137 
 
2834 
 
2923 
 
2233 
 
2016 
 
2320 
 
2969 
 
2760 
 
2083 
 
2005 
 
2538 
 
3018 
 
2547 
 
2008 
 
2078 
 
2749 
 
2974 
 
2329 
 
2017 
 
2230 
 
2917 
 
2842 
 
2139 
 
2111 
 
2438 
 
3007 
 
2647 
 
2031 
 
2282 
 
2658 
 
3006 
 
2427 
 
2003 
 
2497 
 
2849 
 
2912 
 
2223 
 
2058 
 
2713 
 
2979 
 
2742 
 
2064 
 
2196 
 
2892 
 
3019 
 
2529 
 
2006 
 
2398 
 
2999 
 
2964 
 
2311 
 
2023 
 
2617 
 
3014 
 
2827 
 
2133 
 
2124 
 
2817 
 
2935 
 
2628 
 
2017 
 
2300 
 
2960 
 
2777 
 
2409 
 
2004 
 
2517 
 
3019 
 
2569 
 
2206 
 
2067 
 
2731 
 
2982 
 
2350 
 
2064 
 
2213 
 
2904 
 
2857 
 
2159 
 
1996 
 
2413 
 
3003 
 
2668 
 
2039 
 
2027 
 
2637 
 
3009 
 
2449 
 
2001 
 
2137 
 
2831 
 
2924 
 
2240 
 
2049 
 
2318 
 
2969 
 
2761 
 
2084 
 
2173 
 
2534 
 
3018 
 
2550 
 
2009 
 
2377 
 
2748 
 
2974 
 
2331 
 
2017 
 
2596 
 
2916 
 
2844 
 
2147 
 
2110 
 
2801 
 
3008 
 
2649 
 
2032 
 
2276 
 
2949 
 
3006 
 
2428 
 
2001 
 
2496 
 
3017 
 
2912 
 
2225 
 
2058 
 
2712 
 
2989 
 
2745 
 
2075 
 
2195 
 
2891 
 
2873 
 
2531 
 
2007 
 
2393 
 
2996 
 
2689 
 
2313 
 
2022 
 
2615 
 
3013 
 
2470 
 
2134 
 
2125 
 
2815 
 
2935 
 
2259 
 
2027 
 
2299 
 
2958 
 
2779 
 
2098 
 
2005 
 
2514 
 
3019 
 
2572 
 
2012 
 
2067 
 
2730 
 
2982 
 
2352 
 
2012 
 
2212 
 
2901 
 
2860 
 
2162 
 
2099 
 
2414 
 
3003 
 
2669 
 
2041 
 
2263 
 
2637 
 
3014 
 
2452 
 
2002 
 
2475 
 
2832 
 
2925 
 
2243 
 
2049 
 
2691 
 
2968 
 
2763 
 
2086 
 
2180 
 
2876 
 
3017 
 
2551 
 
2010 
 
2375 
 
3000 
 
2980 
 
2333 
 
2017 
 
2594 
 
3016 
 
2843 
 
2147 
 
2109 
 
2798 
 
2948 
 
2652 
 
2034 
 
2279 
 
2947 
 
2796 
 
2432 
 
2004 
 
2494 
 
3027 
 
2594 
 
2226 
 
2057 
 
2710 
 
2989 
 
2371 
 
2076 
 
2192 
 
2888 
 
2874 
 
2179 
 
2006 
 
2393 
 
2998 
 
2690 
 
2048 
 
2022 
 
2613 
 
3025 
 
2474 
 
2002 
 
2122 
 
2815 
 
2937 
 
2261 
 
2041 
 
2296 
 
2958 
 
2781 
 
2098 
 
2162 
 
2512 
 
3018 
 
2573 
 
2012 
 
2353 
 
2727 
 
2991 
 
2354 
 
2011 
 
2572 
 
2902 
 
2860 
 
2164 
 
2098 
 
2781 
 
3001 
 
2672 
 
2041 
 
2259 
 
2937 
 
3012 
 
2453 
 
2002 
 
2472 
 
3014 
 
2934 
 
2243 
 
2047 
 
2691 
 
2995 
 
2765 
 
2088 
 
2178 
 
2873 
 
2889 
 
2555 
 
2009 
 
2371 
 
2989 
 
2710 
 
2336 
 
2017 
 
2592 
 
3016 
 
2494 
 
2148 
 
2108 
 
2797 
 
2948 
 
2279 
 
2035 
 
2276 
 
2947 
 
2800 
 
2110 
 
2001 
 
2491 
 
3017 
 
2594 
 
2018 
 
2057 
 
2707 
 
2991 
 
2372 
 
2007 
 
2192 
 
2888 
 
2876 
 
2181 
 
2087 
 
2390 
 
2997 
 
2692 
 
2048 
 
2242 
 
2611 
 
3013 
 
2474 
 
2002 
 
2449 
 
2813 
 
2939 
 
2257 
 
2037 
 
2670 
 
2957 
 
2783 
 
2100 
 
2162 
 
2858 
 
3018 
 
2576 
 
2012 
 
2351 
 
2981 
 
2985 
 
2355 
 
2012 
 
2569 
 
3019 
 
2861 
 
2158 
 
2094 
 
2779 
 
2959 
 
2674 
 
2041 
 
2259 
 
2936 
 
2817 
 
2455 
 
2002 
 
2470 
 
3015 
 
2617 
 
2244 
 
2047 
 
2687 
 
2998 
 
2394 
 
2080 
 
2173 
 
2873 
 
2889 
 
2196 
 
2010 
 
2369 
 
2989 
 
2714 
 
2058 
 
2016 
 
2591 
 
3016 
 
2496 
 
2004 
 
2107 
 
2795 
 
2949 
 
2281 
 
2020 
 
2272 
 
2946 
 
2800 
 
2112 
 
2145 
 
2490 
 
3016 
 
2597 
 
2018 
 
2331 
 
2707 
 
2991 
 
2378 
 
2008 
 
2549 
 
2887 
 
2878 
 
2181 
 
2075 
 
2761 
 
2995 
 
2694 
 
2050 
 
2240 
 
2924 
 
3014 
 
2476 
 
2001 
 
2448 
 
3009 
 
2939 
 
2264 
 
2039 
 
2668 
 
3003 
 
2784 
 
2100 
 
2154 
 
2859 
 
2904 
 
2578 
 
2012 
 
2349 
 
2983 
 
2733 
 
2358 
 
2011 
 
2568 
 
3019 
 
2517 
 
2166 
 
2093 
 
2777 
 
2961 
 
2301 
 
2041 
 
2251 
 
2937 
 
2818 
 
2125 
 
2002 
 
2468 
 
3014 
 
2619 
 
2022 
 
2047 
 
2687 
 
2999 
 
2398 
 
2005 
 
2173 
 
2872 
 
2892 
 
2197 
 
2071 
 
2367 
 
2991 
 
2715 
 
2059 
 
2221 
 
2589 
 
3017 
 
2498 
 
2002 
 
2427 
 
2794 
 
2950 
 
2283 
 
2031 
 
2647 
 
2945 
 
2803 
 
2110 
 
2142 
 
2849 
 
3019 
 
2599 
 
2017 
 
2329 
 
2973 
 
2993 
 
2380 
 
2007 
 
2548 
 
3018 
 
2878 
 
2182 
 
2082 
 
2758 
 
2970 
 
2696 
 
2051 
 
2238 
 
2932 
 
2835 
 
2480 
 
2001 
 
2445 
 
3009 
 
2640 
 
2265 
 
2039 
 
2666 
 
3004 
 
2419 
 
2100 
 
2158 
 
2855 
 
2906 
 
2214 
 
2013 
 
2347 
 
2993 
 
2736 
 
2069 
 
2012 
 
2567 
 
3018 
 
2520 
 
2004 
 
2092 
 
2775 
 
2962 
 
2304 
 
2024 
 
2254 
 
2933 
 
2819 
 
2126 
 
2129 
 
2467 
 
3024 
 
2620 
 
2022 
 
2308 
 
2683 
 
2999 
 
2400 
 
2006 
 
2526 
 
2870 
 
2893 
 
2199 
 
2072 
 
2738 
 
2989 
 
2717 
 
2060 
 
2221 
 
2912 
 
3028 
 
2501 
 
2002 
 
2425 
 
3005 
 
2952 
 
2285 
 
2031 
 
2644 
 
3009 
 
2804 
 
2114 
 
2143 
 
2840 
 
2920 
 
2600 
 
2017 
 
2326 
 
2974 
 
2759 
 
2381 
 
2007 
 
2545 
 
3019 
 
2541 
 
2184 
 
2081 
 
2757 
 
2971 
 
2322 
 
2052 
 
2235 
 
2922 
 
2837 
 
2140 
 
2001 
 
2444 
 
3012 
 
2643 
 
2029 
 
2037 
 
2663 
 
3005 
 
2421 
 
2002 
 
2156 
 
2855 
 
2906 
 
2216 
 
2061 
 
2345 
 
2981 
 
2736 
 
2069 
 
2201 
 
2565 
 
3019 
 
2522 
 
2002 
 
2403 
 
2773 
 
2964 
 
2305 
 
2024 
 
2626 
 
2933 
 
2821 
 
2127 
 
2129 
 
2822 
 
3013 
 
2623 
 
2024 
 
2307 
 
2964 
 
2999 
 
2400 
 
2004 
 
2523 
 
3019 
 
2895 
 
2201 
 
2071 
 
2739 
 
2979 
 
2717 
 
2061 
 
2219 
 
2909 
 
2854 
 
2501 
 
2002 
 
2423 
 
3004 
 
2663 
 
2283 
 
2025 
 
2644 
 
3009 
 
2444 
 
2113 
 
2141 
 
2839 
 
2920 
 
2234 
 
2018 
 
2325 
 
2972 
 
2755 
 
2080 
 
2006 
 
2544 
 
3019 
 
2542 
 
1996 
 
2076 
 
2757 
 
2972 
 
2325 
 
2017 
 
2235 
 
2920 
 
2839 
 
2141 
 
2115 
 
2443 
 
3010 
 
2643 
 
2029 
 
2288 
 
2660 
 
3005 
 
2423 
 
1991 
 
2502 
 
2853 
 
2909 
 
2217 
 
2061 
 
2719 
 
2979 
 
2739 
 
2071 
 
2199 
 
2895 
 
3018 
 
2523 
 
2004 
 
2402 
 
3000 
 
2963 
 
2306 
 
2014 
 
2623 
 
3013 
 
2824 
 
2128 
 
2126 
 
2822 
 
2933 
 
2625 
 
2025 
 
2305 
 
2962 
 
2773 
 
2405 
 
2004 
 
2521 
 
3020 
 
2563 
 
2202 
 
2062 
 
2736 
 
2982 
 
2345 
 
2061 
 
2216 
 
2908 
 
2855 
 
2157 
 
2003 
 
2421 
 
3005 
 
2663 
 
2036 
 
2028 
 
2642 
 
3010 
 
2444 
 
2001 
 
2136 
 
2839 
 
2923 
 
2235 
 
2052 
 
2322 
 
2972 
 
2757 
 
2082 
 
2184 
 
2541 
 
3019 
 
2545 
 
2006 
 
2381 
 
2753 
 
2973 
 
2326 
 
2018 
 
2602 
 
2922 
 
2841 
 
2144 
 
2114 
 
2805 
 
3009 
 
2644 
 
2031 
 
2286 
 
2952 
 
3006 
 
2425 
 
2003 
 
2500 
 
3017 
 
2910 
 
2221 
 
2059 
 
2720 
 
2989 
 
2740 
 
2071 
 
2200 
 
2894 
 
2868 
 
2525 
 
2003 
 
2399 
 
3000 
 
2684 
 
2310 
 
2023 
 
2622 
 
3014 
 
2466 
 
2130 
 
2126 
 
2828 
 
2936 
 
2253 
 
2025 
 
2302 
 
2962 
 
2775 
 
2093 
 
2005 
 
2520 
 
3019 
 
2567 
 
2011 
 
2069 
 
2734 
 
2980 
 
2346 
 
2014 
 
2214 
 
2915 
 
2859 
 
2159 
 
2101 
 
2418 
 
3005 
 
2664 
 
2038 
 
2267 
 
2640 
 
3009 
 
2446 
 
2001 
 
2480 
 
2836 
 
2923 
 
2238 
 
2051 
 
2700 
 
2979 
 
2763 
 
2081 
 
2183 
 
2880 
 
3018 
 
2546 
 
2009 
 
2379 
 
2995 
 
2974 
 
2328 
 
2017 
 
2600 
 
3015 
 
2841 
 
2145 
 
2112 
 
2803 
 
2955 
 
2651 
 
2031 
 
2282 
 
2952 
 
2794 
 
2426 
 
2003 
 
2499 
 
3016 
 
2588 
 
2221 
 
2058 
 
2716 
 
2990 
 
2368 
 
2072 
 
2198 
 
2892 
 
2879 
 
2174 
 
2005 
 
2399 
 
2998 
 
2685 
 
2046 
 
2023 
 
2617 
 
3013 
 
2468 
 
2001 
 
2125 
 
2819 
 
2935 
 
2257 
 
2042 
 
2301 
 
2961 
 
2783 
 
2094 
 
2166 
 
2518 
 
3019 
 
2569 
 
2013 
 
2357 
 
2731 
 
2983 
 
2348 
 
2013 
 
2579 
 
2905 
 
2857 
 
2159 
 
2100 
 
2785 
 
3003 
 
2672 
 
2038 
 
2264 
 
2939 
 
3011 
 
2448 
 
2002 
 
2478 
 
3016 
 
2925 
 
2238 
 
2049 
 
2696 
 
2996 
 
2760 
 
2084 
 
2182 
 
2879 
 
2887 
 
2549 
 
2004 
 
2376 
 
2991 
 
2706 
 
2332 
 
2018 
 
2596 
 
3017 
 
2489 
 
2146 
 
2110 
 
2801 
 
2946 
 
2275 
 
2032 
 
2282 
 
2949 
 
2794 
 
2099 
 
1996 
 
2496 
 
3017 
 
2589 
 
2017 
 
2057 
 
2711 
 
2988 
 
2369 
 
2009 
 
2196 
 
2892 
 
2872 
 
2175 
 
2087 
 
2395 
 
2997 
 
2687 
 
2037 
 
2246 
 
2616 
 
3015 
 
2468 
 
2002 
 
2455 
 
2816 
 
2937 
 
2257 
 
2042 
 
2675 
 
2960 
 
2778 
 
2097 
 
2166 
 
2861 
 
3018 
 
2571 
 
2002 
 
2355 
 
2985 
 
2981 
 
2352 
 
2015 
 
2574 
 
3016 
 
2858 
 
2163 
 
2098 
 
2782 
 
2955 
 
2669 
 
2041 
 
2263 
 
2937 
 
2811 
 
2452 
 
1993 
 
2474 
 
3014 
 
2610 
 
2243 
 
2051 
 
2692 
 
2996 
 
2393 
 
2087 
 
2180 
 
2875 
 
2886 
 
2193 
 
2010 
 
2375 
 
2989 
 
2707 
 
2056 
 
2011 
 
2594 
 
3014 
 
2490 
 
2005 
 
2112 
 
2799 
 
2948 
 
2278 
 
2036 
 
2280 
 
2947 
 
2795 
 
2111 
 
2152 
 
2495 
 
3014 
 
2591 
 
2016 
 
2332 
 
2710 
 
2988 
 
2371 
 
2010 
 
2555 
 
2889 
 
2874 
 
2178 
 
2087 
 
2765 
 
2997 
 
2688 
 
2048 
 
2245 
 
2927 
 
3013 
 
2472 
 
2001 
 
2452 
 
3012 
 
2936 
 
2259 
 
2041 
 
2671 
 
3002 
 
2782 
 
2098 
 
2163 
 
2862 
 
2901 
 
2572 
 
2013 
 
2354 
 
2983 
 
2729 
 
2353 
 
2013 
 
2575 
 
3020 
 
2512 
 
2163 
 
2098 
 
2781 
 
2957 
 
2297 
 
2040 
 
2260 
 
2938 
 
2815 
 
2122 
 
2001 
 
2473 
 
3014 
 
2613 
 
2022 
 
2048 
 
2696 
 
3000 
 
2392 
 
2006 
 
2179 
 
2875 
 
2889 
 
2194 
 
2075 
 
2372 
 
2990 
 
2708 
 
2056 
 
2226 
 
2592 
 
3016 
 
2495 
 
2003 
 
2432 
 
2805 
 
2951 
 
2279 
 
2034 
 
2652 
 
2948 
 
2799 
 
2110 
 
2148 
 
2845 
 
3016 
 
2594 
 
2018 
 
2333 
 
2975 
 
2992 
 
2373 
 
2008 
 
2555 
 
3030 
 
2880 
 
2179 
 
2086 
 
2763 
 
2968 
 
2692 
 
2049 
 
2243 
 
2926 
 
2830 
 
2475 
 
2002 
 
2452 
 
3011 
 
2635 
 
2262 
 
2039 
 
2671 
 
3014 
 
2415 
 
2097 
 
2161 
 
2858 
 
2902 
 
2212