2920 
 
2952 
 
3006 
 
3041 
 
3054 
 
3044 
 
3032 
 
2991 
 
2932 
 
2856 
 
2765 
 
2715 
 
2610 
 
2500 
 
2393 
 
2287 
 
2238 
 
2148 
 
2072 
 
2018 
 
1987 
 
1971 
 
1972 
 
1983 
 
2008 
 
2057 
 
2088 
 
2168 
 
2262 
 
2367 
 
2474 
 
2528 
 
2635 
 
2740 
 
2832 
 
2912 
 
2948 
 
3003 
 
3039 
 
3054 
 
3057 
 
3040 
 
2996 
 
2939 
 
2862 
 
2773 
 
2721 
 
2617 
 
2508 
 
2399 
 
2295 
 
2246 
 
2155 
 
2077 
 
2023 
 
1991 
 
1982 
 
1976 
 
1982 
 
1995 
 
2050 
 
2084 
 
2163 
 
2254 
 
2356 
 
2464 
 
2519 
 
2627 
 
2731 
 
2826 
 
2907 
 
2943 
 
3000 
 
3036 
 
3052 
 
3048 
 
3037 
 
2999 
 
2952 
 
2870 
 
2780 
 
2731 
 
2627 
 
2518 
 
2411 
 
2302 
 
2252 
 
2161 
 
2084 
 
2026 
 
1990 
 
1984 
 
1976 
 
1981 
 
2002 
 
2047 
 
2078 
 
2148 
 
2245 
 
2349 
 
2457 
 
2510 
 
2619 
 
2723 
 
2819 
 
2903 
 
2937 
 
2996 
 
3034 
 
3052 
 
3049 
 
3039 
 
3004 
 
2948 
 
2875 
 
2789 
 
2742 
 
2636 
 
2526 
 
2418 
 
2313 
 
2262 
 
2167 
 
2089 
 
2028 
 
1995 
 
1984 
 
1976 
 
1981 
 
2002 
 
2043 
 
2072 
 
2148 
 
2238 
 
2338 
 
2445 
 
2501 
 
2610 
 
2714 
 
2811 
 
2895 
 
2932 
 
2992 
 
3031 
 
3052 
 
3052 
 
3040 
 
3007 
 
2953 
 
2881 
 
2795 
 
2746 
 
2644 
 
2535 
 
2425 
 
2321 
 
2269 
 
2174 
 
2094 
 
2032 
 
1997 
 
1984 
 
1976 
 
1979 
 
1997 
 
2036 
 
2066 
 
2139 
 
2230 
 
2330 
 
2437 
 
2492 
 
2603 
 
2712 
 
2806 
 
2889 
 
2928 
 
2988 
 
3030 
 
3052 
 
3051 
 
3044 
 
3011 
 
2957 
 
2887 
 
2803 
 
2753 
 
2652 
 
2544 
 
2436 
 
2329 
 
2278 
 
2176 
 
2098 
 
2038 
 
1998 
 
1987 
 
1976 
 
1979 
 
1996 
 
2034 
 
2063 
 
2136 
 
2223 
 
2323 
 
2430 
 
2483 
 
2593 
 
2698 
 
2796 
 
2883 
 
2928 
 
2988 
 
3027 
 
3051 
 
3051 
 
3045 
 
3014 
 
2963 
 
2894 
 
2810 
 
2764 
 
2662 
 
2554 
 
2445 
 
2337 
 
2285 
 
2190 
 
2104 
 
2038 
 
1990 
 
1983 
 
1976 
 
1978 
 
1993 
 
2029 
 
2057 
 
2128 
 
2214 
 
2314 
 
2421 
 
2475 
 
2585 
 
2691 
 
2789 
 
2876 
 
2916 
 
2980 
 
3025 
 
3061 
 
3053 
 
3045 
 
3017 
 
2967 
 
2901 
 
2817 
 
2770 
 
2669 
 
2561 
 
2454 
 
2346 
 
2293 
 
2196 
 
2113 
 
2045 
 
2002 
 
1990 
 
1978 
 
1968 
 
1991 
 
2026 
 
2053 
 
2121 
 
2209 
 
2306 
 
2413 
 
2466 
 
2575 
 
2682 
 
2782 
 
2870 
 
2908 
 
2973 
 
3021 
 
3047 
 
3054 
 
3048 
 
3029 
 
2975 
 
2907 
 
2823 
 
2780 
 
2678 
 
2571 
 
2461 
 
2354 
 
2301 
 
2204 
 
2118 
 
2049 
 
2004 
 
1993 
 
1978 
 
1977 
 
1990 
 
2022 
 
2042 
 
2112 
 
2201 
 
2299 
 
2403 
 
2458 
 
2567 
 
2675 
 
2775 
 
2864 
 
2904 
 
2969 
 
3019 
 
3047 
 
3054 
 
3048 
 
3023 
 
2977 
 
2913 
 
2836 
 
2789 
 
2687 
 
2579 
 
2471 
 
2362 
 
2310 
 
2212 
 
2126 
 
2056 
 
2007 
 
1993 
 
1979 
 
1978 
 
1990 
 
2019 
 
2043 
 
2110 
 
2193 
 
2286 
 
2394 
 
2449 
 
2558 
 
2665 
 
2767 
 
2857 
 
2897 
 
2965 
 
3015 
 
3046 
 
3055 
 
3050 
 
3027 
 
2982 
 
2918 
 
2839 
 
2793 
 
2696 
 
2591 
 
2480 
 
2371 
 
2319 
 
2219 
 
2132 
 
2059 
 
2010 
 
1995 
 
1980 
 
1976 
 
1987 
 
2014 
 
2040 
 
2103 
 
2185 
 
2281 
 
2386 
 
2440 
 
2550 
 
2657 
 
2759 
 
2851 
 
2891 
 
2962 
 
3012 
 
3044 
 
3055 
 
3051 
 
3028 
 
2985 
 
2922 
 
2843 
 
2802 
 
2703 
 
2596 
 
2489 
 
2380 
 
2321 
 
2225 
 
2137 
 
2066 
 
2013 
 
1997 
 
1980 
 
1977 
 
1986 
 
2013 
 
2034 
 
2097 
 
2179 
 
2274 
 
2377 
 
2431 
 
2540 
 
2648 
 
2751 
 
2850 
 
2887 
 
2956 
 
3009 
 
3041 
 
3053 
 
3052 
 
3031 
 
2991 
 
2930 
 
2853 
 
2808 
 
2712 
 
2605 
 
2497 
 
2389 
 
2335 
 
2235 
 
2144 
 
2061 
 
2016 
 
2000 
 
1980 
 
1975 
 
1983 
 
2009 
 
2031 
 
2091 
 
2171 
 
2267 
 
2369 
 
2422 
 
2532 
 
2641 
 
2742 
 
2836 
 
2879 
 
2951 
 
3016 
 
3042 
 
3055 
 
3052 
 
3033 
 
2995 
 
2935 
 
2858 
 
2814 
 
2718 
 
2614 
 
2504 
 
2398 
 
2344 
 
2243 
 
2150 
 
2076 
 
2020 
 
2002 
 
1972 
 
1975 
 
1984 
 
2008 
 
2027 
 
2086 
 
2165 
 
2257 
 
2359 
 
2414 
 
2523 
 
2630 
 
2734 
 
2828 
 
2872 
 
2945 
 
3001 
 
3038 
 
3054 
 
3060 
 
3041 
 
2998 
 
2940 
 
2866 
 
2822 
 
2727 
 
2623 
 
2514 
 
2406 
 
2351 
 
2249 
 
2157 
 
2079 
 
2023 
 
2003 
 
1982 
 
1976 
 
1981 
 
1995 
 
2017 
 
2081 
 
2157 
 
2249 
 
2351 
 
2406 
 
2514 
 
2623 
 
2727 
 
2821 
 
2867 
 
2940 
 
2997 
 
3036 
 
3052 
 
3053 
 
3039 
 
3003 
 
2955 
 
2873 
 
2828 
 
2735 
 
2632 
 
2522 
 
2414 
 
2360 
 
2258 
 
2165 
 
2085 
 
2028 
 
2008 
 
1985 
 
1977 
 
1983 
 
2002 
 
2020 
 
2076 
 
2143 
 
2240 
 
2344 
 
2397 
 
2505 
 
2614 
 
2718 
 
2815 
 
2859 
 
2935 
 
2994 
 
3033 
 
3052 
 
3053 
 
3040 
 
3006 
 
2951 
 
2878 
 
2837 
 
2746 
 
2640 
 
2531 
 
2424 
 
2369 
 
2266 
 
2171 
 
2092 
 
2031 
 
2010 
 
1985 
 
1976 
 
1979 
 
1999 
 
2017 
 
2069 
 
2145 
 
2234 
 
2337 
 
2388 
 
2498 
 
2606 
 
2710 
 
2807 
 
2853 
 
2931 
 
2989 
 
3031 
 
3052 
 
3053 
 
3041 
 
3009 
 
2955 
 
2885 
 
2843 
 
2751 
 
2649 
 
2540 
 
2430 
 
2377 
 
2273 
 
2179 
 
2097 
 
2035 
 
2013 
 
1988 
 
1977 
 
1980 
 
1999 
 
2013 
 
2065 
 
2139 
 
2228 
 
2326 
 
2380 
 
2488 
 
2596 
 
2707 
 
2801 
 
2844 
 
2924 
 
2986 
 
3028 
 
3051 
 
3054 
 
3043 
 
3012 
 
2962 
 
2891 
 
2850 
 
2759 
 
2658 
 
2549 
 
2440 
 
2387 
 
2282 
 
2181 
 
2102 
 
2038 
 
2017 
 
1987 
 
1977 
 
1979 
 
1995 
 
2010 
 
2059 
 
2130 
 
2218 
 
2319 
 
2371 
 
2481 
 
2589 
 
2695 
 
2794 
 
2838 
 
2926 
 
2983 
 
3025 
 
3049 
 
3053 
 
3045 
 
3015 
 
2965 
 
2896 
 
2857 
 
2767 
 
2666 
 
2558 
 
2450 
 
2395 
 
2291 
 
2193 
 
2110 
 
2042 
 
2012 
 
1987 
 
1977 
 
1978 
 
1995 
 
2007 
 
2055 
 
2125 
 
2213 
 
2311 
 
2361 
 
2472 
 
2579 
 
2686 
 
2786 
 
2829 
 
2911 
 
2977 
 
3024 
 
3059 
 
3059 
 
3048 
 
3019 
 
2970 
 
2903 
 
2865 
 
2774 
 
2674 
 
2568 
 
2456 
 
2404 
 
2298 
 
2201 
 
2115 
 
2048 
 
2023 
 
1990 
 
1977 
 
1966 
 
1990 
 
2005 
 
2050 
 
2118 
 
2204 
 
2304 
 
2353 
 
2463 
 
2570 
 
2680 
 
2779 
 
2825 
 
2907 
 
2972 
 
3021 
 
3048 
 
3053 
 
3048 
 
3031 
 
2975 
 
2908 
 
2870 
 
2781 
 
2681 
 
2576 
 
2467 
 
2412 
 
2306 
 
2208 
 
2122 
 
2052 
 
2027 
 
1992 
 
1978 
 
1977 
 
1990 
 
2003 
 
2037 
 
2110 
 
2198 
 
2294 
 
2346 
 
2453 
 
2562 
 
2669 
 
2769 
 
2816 
 
2899 
 
2966 
 
3017 
 
3046 
 
3051 
 
3049 
 
3023 
 
2979 
 
2917 
 
2881 
 
2791 
 
2690 
 
2584 
 
2475 
 
2421 
 
2315 
 
2215 
 
2128 
 
2056 
 
2029 
 
1994 
 
1979 
 
1978 
 
1989 
 
2000 
 
2041 
 
2107 
 
2191 
 
2282 
 
2336 
 
2445 
 
2555 
 
2661 
 
2762 
 
2810 
 
2895 
 
2963 
 
3014 
 
3045 
 
3052 
 
3050 
 
3026 
 
2984 
 
2921 
 
2883 
 
2796 
 
2698 
 
2595 
 
2484 
 
2429 
 
2322 
 
2223 
 
2134 
 
2063 
 
2034 
 
1997 
 
1979 
 
1977 
 
1987 
 
1998 
 
2036 
 
2100 
 
2184 
 
2279 
 
2327 
 
2436 
 
2545 
 
2651 
 
2754 
 
2801 
 
2888 
 
2957 
 
3010 
 
3043 
 
3050 
 
3051 
 
3029 
 
2987 
 
2925 
 
2891 
 
2803 
 
2707 
 
2600 
 
2494 
 
2437 
 
2327 
 
2230 
 
2141 
 
2067 
 
2038 
 
2000 
 
1981 
 
1977 
 
1987 
 
1996 
 
2033 
 
2094 
 
2175 
 
2270 
 
2320 
 
2427 
 
2537 
 
2644 
 
2749 
 
2800 
 
2883 
 
2953 
 
3008 
 
3042 
 
3050 
 
3053 
 
3032 
 
2992 
 
2933 
 
2895 
 
2811 
 
2715 
 
2609 
 
2501 
 
2446 
 
2340 
 
2238 
 
2147 
 
2064 
 
2039 
 
2000 
 
1982 
 
1977 
 
1984 
 
1995 
 
2030 
 
2089 
 
2168 
 
2262 
 
2313 
 
2419 
 
2527 
 
2635 
 
2737 
 
2787 
 
2874 
 
2948 
 
3014 
 
3039 
 
3048 
 
3053 
 
3035 
 
2996 
 
2937 
 
2902 
 
2819 
 
2723 
 
2618 
 
2509 
 
2455 
 
2349 
 
2246 
 
2155 
 
2078 
 
2045 
 
2004 
 
1974 
 
1975 
 
1983 
 
1991 
 
2026 
 
2084 
 
2161 
 
2253 
 
2305 
 
2410 
 
2519 
 
2628 
 
2732 
 
2781 
 
2868 
 
2942 
 
2999 
 
3037 
 
3047 
 
3064 
 
3039 
 
2999 
 
2943 
 
2907 
 
2826 
 
2731 
 
2626 
 
2517 
 
2465 
 
2357 
 
2253 
 
2162 
 
2084 
 
2052 
 
2007 
 
1983 
 
1978 
 
1980 
 
1982 
 
2019 
 
2079 
 
2155 
 
2246 
 
2296 
 
2400 
 
2510 
 
2618 
 
2721 
 
2773 
 
2861 
 
2938 
 
2996 
 
3035 
 
3046 
 
3055 
 
3040 
 
3004 
 
2958 
 
2918 
 
2833 
 
2739 
 
2638 
 
2526 
 
2473 
 
2364 
 
2261 
 
2168 
 
2089 
 
2054 
 
2008 
 
1984 
 
1975 
 
1982 
 
1988 
 
2018 
 
2073 
 
2140 
 
2239 
 
2287 
 
2393 
 
2502 
 
2610 
 
2715 
 
2764 
 
2856 
 
2932 
 
2993 
 
3031 
 
3045 
 
3053 
 
3040 
 
3006 
 
2953 
 
2920 
 
2839 
 
2752 
 
2644 
 
2535 
 
2481 
 
2373 
 
2271 
 
2176 
 
2094 
 
2062 
 
2013 
 
1986 
 
1976 
 
1980 
 
1988 
 
2016 
 
2068 
 
2143 
 
2230 
 
2280 
 
2383 
 
2493 
 
2600 
 
2706 
 
2756 
 
2849 
 
2926 
 
2987 
 
3030 
 
3043 
 
3054 
 
3042 
 
3012 
 
2959 
 
2925 
 
2847 
 
2755 
 
2653 
 
2545 
 
2490 
 
2380 
 
2279 
 
2183 
 
2101 
 
2065 
 
2014 
 
1986 
 
1975 
 
1979 
 
1985 
 
2012 
 
2062 
 
2134 
 
2223 
 
2272 
 
2376 
 
2484 
 
2593 
 
2704 
 
2750 
 
2841 
 
2921 
 
2984 
 
3027 
 
3042 
 
3055 
 
3044 
 
3015 
 
2964 
 
2929 
 
2853 
 
2761 
 
2661 
 
2552 
 
2500 
 
2391 
 
2285 
 
2183 
 
2106 
 
2071 
 
2017 
 
1989 
 
1978 
 
1980 
 
1984 
 
2008 
 
2057 
 
2128 
 
2214 
 
2264 
 
2368 
 
2475 
 
2583 
 
2691 
 
2740 
 
2835 
 
2923 
 
2979 
 
3023 
 
3040 
 
3054 
 
3046 
 
3017 
 
2968 
 
2936 
 
2860 
 
2770 
 
2670 
 
2562 
 
2507 
 
2399 
 
2294 
 
2197 
 
2111 
 
2077 
 
2011 
 
1987 
 
1977 
 
1978 
 
1982 
 
2007 
 
2052 
 
2122 
 
2209 
 
2256 
 
2358 
 
2468 
 
2576 
 
2682 
 
2733 
 
2828 
 
2909 
 
2976 
 
3024 
 
3047 
 
3057 
 
3046 
 
3020 
 
2971 
 
2941 
 
2866 
 
2778 
 
2678 
 
2571 
 
2515 
 
2407 
 
2302 
 
2204 
 
2118 
 
2081 
 
2024 
 
1992 
 
1978 
 
1967 
 
1978 
 
2005 
 
2048 
 
2116 
 
2201 
 
2248 
 
2350 
 
2458 
 
2566 
 
2673 
 
2725 
 
2820 
 
2902 
 
2970 
 
3019 
 
3036 
 
3053 
 
3048 
 
3033 
 
2978 
 
2947 
 
2875 
 
2787 
 
2686 
 
2580 
 
2525 
 
2415 
 
2310 
 
2211 
 
2124 
 
2088 
 
2028 
 
1993 
 
1978 
 
1978 
 
1980 
 
2001 
 
2035 
 
2109 
 
2193 
 
2240 
 
2342 
 
2450 
 
2558 
 
2665 
 
2718 
 
2814 
 
2898 
 
2968 
 
3016 
 
3034 
 
3052 
 
3049 
 
3026 
 
2981 
 
2951 
 
2886 
 
2793 
 
2695 
 
2587 
 
2534 
 
2425 
 
2319 
 
2219 
 
2132 
 
2093 
 
2034 
 
1995 
 
1979 
 
1977 
 
1980 
 
2000 
 
2040 
 
2103 
 
2186 
 
2229 
 
2331 
 
2440 
 
2549 
 
2657 
 
2708 
 
2806 
 
2891 
 
2960 
 
3011 
 
3032 
 
3051 
 
3051 
 
3029 
 
2986 
 
2958 
 
2888 
 
2800 
 
2703 
 
2600 
 
2542 
 
2433 
 
2326 
 
2228 
 
2138 
 
2098 
 
2035 
 
1998 
 
1980 
 
1976 
 
1979 
 
1996 
 
2033 
 
2097 
 
2179 
 
2226 
 
2326 
 
2430 
 
2542 
 
2649 
 
2701 
 
2800 
 
2884 
 
2955 
 
3008 
 
3029 
 
3050 
 
3052 
 
3031 
 
2989 
 
2962 
 
2892 
 
2807 
 
2710 
 
2606 
 
2551 
 
2442 
 
2332 
 
2234 
 
2145 
 
2105 
 
2039 
 
2001 
 
1981 
 
1977 
 
1979 
 
1994 
 
2031 
 
2092 
 
2171 
 
2216 
 
2316 
 
2422 
 
2533 
 
2641 
 
2693 
 
2797 
 
2878 
 
2950 
 
3004 
 
3026 
 
3049 
 
3051 
 
3034 
 
2993 
 
2968 
 
2898 
 
2814 
 
2721 
 
2615 
 
2560 
 
2451 
 
2344 
 
2242 
 
2150 
 
2102 
 
2041 
 
2002 
 
1981 
 
1975 
 
1978 
 
1993 
 
2027 
 
2085 
 
2164 
 
2210 
 
2309 
 
2415 
 
2524 
 
2632 
 
2685 
 
2784 
 
2872 
 
2947 
 
3013 
 
3027 
 
3047 
 
3052 
 
3036 
 
2998 
 
2971 
 
2905 
 
2821 
 
2727 
 
2624 
 
2567 
 
2459 
 
2351 
 
2251 
 
2157 
 
2117 
 
2050 
 
2004 
 
1972 
 
1977 
 
1977 
 
1991 
 
2023 
 
2080 
 
2158 
 
2203 
 
2300 
 
2405 
 
2514 
 
2623 
 
2675 
 
2777 
 
2865 
 
2941 
 
2997 
 
3019 
 
3047 
 
3065 
 
3039 
 
3000 
 
2977 
 
2911 
 
2830 
 
2735 
 
2631 
 
2579 
 
2470 
 
2360 
 
2258 
 
2162 
 
2124 
 
2053 
 
2007 
 
1984 
 
1976 
 
1977 
 
1979 
 
2018 
 
2075 
 
2151 
 
2195 
 
2292 
 
2396 
 
2505 
 
2613 
 
2668 
 
2768 
 
2859 
 
2935 
 
2995 
 
3016 
 
3047 
 
3053 
 
3038 
 
3008 
 
2990 
 
2919 
 
2837 
 
2743 
 
2639 
 
2586 
 
2476 
 
2369 
 
2266 
 
2172 
 
2129 
 
2058 
 
2010 
 
1984 
 
1977 
 
1976 
 
1988 
 
2017 
 
2069 
 
2137 
 
2185 
 
2284 
 
2387 
 
2497 
 
2605 
 
2658 
 
2760 
 
2852 
 
2928 
 
2990 
 
3013 
 
3045 
 
3054 
 
3042 
 
3009 
 
2985 
 
2923 
 
2843 
 
2756 
 
2649 
 
2595 
 
2487 
 
2378 
 
2274 
 
2179 
 
2136 
 
2063 
 
2011 
 
1986 
 
1976 
 
1976 
 
1986 
 
2012 
 
2064 
 
2137 
 
2181 
 
2276 
 
2377 
 
2488 
 
2597 
 
2650 
 
2754 
 
2847 
 
2924 
 
2986 
 
3010 
 
3042 
 
3054 
 
3044 
 
3014 
 
2988 
 
2929 
 
2850 
 
2758 
 
2657 
 
2603 
 
2495 
 
2386 
 
2280 
 
2187 
 
2143 
 
2068 
 
2016 
 
1988 
 
1976 
 
1977 
 
1985 
 
2011 
 
2060 
 
2131 
 
2173 
 
2267 
 
2372 
 
2479 
 
2589 
 
2644 
 
2747 
 
2838 
 
2918 
 
2982 
 
3006 
 
3040 
 
3055 
 
3046 
 
3015 
 
2994 
 
2935 
 
2856 
 
2766 
 
2666 
 
2611 
 
2504 
 
2395 
 
2289 
 
2186 
 
2144 
 
2073 
 
2021 
 
1990 
 
1979 
 
1976 
 
1984 
 
2007 
 
2054 
 
2124 
 
2166 
 
2260 
 
2362 
 
2470 
 
2580 
 
2634 
 
2737 
 
2832 
 
2921 
 
2979 
 
3004 
 
3039 
 
3054 
 
3048 
 
3018 
 
2995 
 
2938 
 
2863 
 
2775 
 
2674 
 
2620 
 
2512 
 
2403 
 
2299 
 
2202 
 
2117 
 
2049 
 
1994 
 
1982 
 
1977 
 
1984 
 
2008 
 
2202