2725 
 
2695 
 
2055 
 
2408 
 
2925 
 
2082 
 
2609 
 
2798 
 
2301 
 
2297 
 
2963 
 
2146 
 
2492 
 
2922 
 
2417 
 
2199 
 
2975 
 
2233 
 
2047 
 
2853 
 
2533 
 
2113 
 
2955 
 
2827 
 
2045 
 
2762 
 
2652 
 
2069 
 
2454 
 
2903 
 
2067 
 
2655 
 
2760 
 
2262 
 
2339 
 
2954 
 
2121 
 
2537 
 
2941 
 
2371 
 
2228 
 
2976 
 
2196 
 
2057 
 
2882 
 
2489 
 
2147 
 
2965 
 
2792 
 
2041 
 
2798 
 
2607 
 
2085 
 
2498 
 
2876 
 
2055 
 
2697 
 
2720 
 
2226 
 
2380 
 
2941 
 
2096 
 
2581 
 
2958 
 
2329 
 
2272 
 
2971 
 
2166 
 
2070 
 
2910 
 
2443 
 
2178 
 
2972 
 
2754 
 
2043 
 
2833 
 
2563 
 
2106 
 
2545 
 
2850 
 
2045 
 
2738 
 
2679 
 
2192 
 
2425 
 
2918 
 
2078 
 
2626 
 
2967 
 
2289 
 
2312 
 
2962 
 
2135 
 
2085 
 
2930 
 
2399 
 
2212 
 
2983 
 
2719 
 
2052 
 
2866 
 
2518 
 
2130 
 
2590 
 
2815 
 
2043 
 
2777 
 
2636 
 
2161 
 
2470 
 
2894 
 
2062 
 
2669 
 
2973 
 
2250 
 
2353 
 
2956 
 
2110 
 
2110 
 
2948 
 
2356 
 
2246 
 
2975 
 
2671 
 
2061 
 
2891 
 
2472 
 
2157 
 
2634 
 
2778 
 
2042 
 
2812 
 
2593 
 
2132 
 
2513 
 
2874 
 
2051 
 
2711 
 
2975 
 
2213 
 
2396 
 
2931 
 
2090 
 
2134 
 
2960 
 
2315 
 
2284 
 
2967 
 
2628 
 
2076 
 
2916 
 
2427 
 
2187 
 
2677 
 
2744 
 
2044 
 
2844 
 
2546 
 
2108 
 
2562 
 
2836 
 
2044 
 
2750 
 
2974 
 
2180 
 
2439 
 
2910 
 
2072 
 
2162 
 
2970 
 
2275 
 
2326 
 
2959 
 
2585 
 
2094 
 
2936 
 
2385 
 
2223 
 
2718 
 
2699 
 
2053 
 
2875 
 
2502 
 
2086 
 
2605 
 
2802 
 
2041 
 
2788 
 
2966 
 
2150 
 
2486 
 
2885 
 
2051 
 
2190 
 
2974 
 
2236 
 
2368 
 
2943 
 
2540 
 
2117 
 
2952 
 
2341 
 
2260 
 
2758 
 
2658 
 
2065 
 
2900 
 
2458 
 
2069 
 
2649 
 
2765 
 
2032 
 
2824 
 
2955 
 
2122 
 
2531 
 
2857 
 
2049 
 
2227 
 
2975 
 
2200 
 
2410 
 
2923 
 
2495 
 
2144 
 
2965 
 
2300 
 
2298 
 
2796 
 
2614 
 
2074 
 
2926 
 
2412 
 
2056 
 
2693 
 
2727 
 
2048 
 
2856 
 
2940 
 
2100 
 
2574 
 
2824 
 
2043 
 
2266 
 
2972 
 
2169 
 
2457 
 
2901 
 
2449 
 
2165 
 
2973 
 
2260 
 
2340 
 
2829 
 
2569 
 
2102 
 
2942 
 
2368 
 
2047 
 
2731 
 
2686 
 
2058 
 
2885 
 
2920 
 
2079 
 
2619 
 
2790 
 
2040 
 
2302 
 
2965 
 
2138 
 
2501 
 
2876 
 
2405 
 
2206 
 
2975 
 
2223 
 
2383 
 
2861 
 
2523 
 
2125 
 
2958 
 
2326 
 
2042 
 
2771 
 
2642 
 
2071 
 
2918 
 
2902 
 
2065 
 
2665 
 
2753 
 
2044 
 
2347 
 
2950 
 
2113 
 
2546 
 
2847 
 
2361 
 
2240 
 
2974 
 
2189 
 
2427 
 
2888 
 
2480 
 
2153 
 
2977 
 
2285 
 
2041 
 
2808 
 
2598 
 
2087 
 
2930 
 
2871 
 
2051 
 
2706 
 
2712 
 
2049 
 
2390 
 
2933 
 
2092 
 
2592 
 
2813 
 
2319 
 
2279 
 
2979 
 
2157 
 
2473 
 
2912 
 
2433 
 
2184 
 
2973 
 
2247 
 
2044 
 
2840 
 
2554 
 
2110 
 
2949 
 
2839 
 
2045 
 
2745 
 
2670 
 
2062 
 
2435 
 
2920 
 
2072 
 
2635 
 
2777 
 
2278 
 
2320 
 
2959 
 
2130 
 
2516 
 
2934 
 
2390 
 
2217 
 
2976 
 
2212 
 
2051 
 
2871 
 
2506 
 
2135 
 
2963 
 
2811 
 
2038 
 
2784 
 
2627 
 
2078 
 
2480 
 
2888 
 
2060 
 
2680 
 
2737 
 
2240 
 
2363 
 
2946 
 
2106 
 
2563 
 
2951 
 
2347 
 
2254 
 
2973 
 
2171 
 
2060 
 
2899 
 
2463 
 
2165 
 
2972 
 
2769 
 
2043 
 
2820 
 
2582 
 
2095 
 
2525 
 
2860 
 
2049 
 
2719 
 
2698 
 
2206 
 
2406 
 
2928 
 
2076 
 
2607 
 
2964 
 
2304 
 
2293 
 
2966 
 
2147 
 
2080 
 
2921 
 
2419 
 
2195 
 
2975 
 
2731 
 
2048 
 
2852 
 
2538 
 
2118 
 
2571 
 
2829 
 
2034 
 
2759 
 
2655 
 
2173 
 
2451 
 
2903 
 
2068 
 
2650 
 
2972 
 
2266 
 
2336 
 
2956 
 
2121 
 
2099 
 
2941 
 
2374 
 
2230 
 
2976 
 
2691 
 
2049 
 
2882 
 
2492 
 
2144 
 
2616 
 
2793 
 
2040 
 
2798 
 
2611 
 
2141 
 
2495 
 
2877 
 
2056 
 
2693 
 
2976 
 
2227 
 
2377 
 
2939 
 
2096 
 
2116 
 
2958 
 
2331 
 
2268 
 
2972 
 
2647 
 
2068 
 
2907 
 
2447 
 
2174 
 
2660 
 
2757 
 
2043 
 
2832 
 
2567 
 
2117 
 
2542 
 
2850 
 
2047 
 
2740 
 
2981 
 
2193 
 
2422 
 
2920 
 
2078 
 
2150 
 
2967 
 
2292 
 
2309 
 
2963 
 
2603 
 
2086 
 
2928 
 
2403 
 
2207 
 
2702 
 
2717 
 
2050 
 
2871 
 
2521 
 
2094 
 
2585 
 
2816 
 
2042 
 
2773 
 
2970 
 
2161 
 
2467 
 
2895 
 
2061 
 
2181 
 
2974 
 
2251 
 
2349 
 
2950 
 
2558 
 
2107 
 
2957 
 
2359 
 
2244 
 
2743 
 
2674 
 
2059 
 
2891 
 
2476 
 
2075 
 
2630 
 
2780 
 
2042 
 
2809 
 
2961 
 
2132 
 
2511 
 
2868 
 
2051 
 
2214 
 
2986 
 
2215 
 
2393 
 
2933 
 
2513 
 
2132 
 
2960 
 
2317 
 
2282 
 
2780 
 
2633 
 
2073 
 
2914 
 
2431 
 
2061 
 
2673 
 
2741 
 
2044 
 
2846 
 
2956 
 
2105 
 
2558 
 
2839 
 
2044 
 
2251 
 
2975 
 
2182 
 
2438 
 
2912 
 
2468 
 
2159 
 
2969 
 
2276 
 
2322 
 
2815 
 
2588 
 
2094 
 
2938 
 
2385 
 
2047 
 
2715 
 
2702 
 
2052 
 
2873 
 
2930 
 
2086 
 
2602 
 
2804 
 
2041 
 
2288 
 
2967 
 
2150 
 
2483 
 
2887 
 
2424 
 
2191 
 
2975 
 
2233 
 
2364 
 
2848 
 
2541 
 
2116 
 
2952 
 
2345 
 
2043 
 
2756 
 
2662 
 
2065 
 
2899 
 
2907 
 
2070 
 
2647 
 
2768 
 
2042 
 
2329 
 
2957 
 
2115 
 
2525 
 
2858 
 
2380 
 
2226 
 
2976 
 
2205 
 
2408 
 
2878 
 
2498 
 
2142 
 
2963 
 
2304 
 
2040 
 
2793 
 
2617 
 
2080 
 
2923 
 
2881 
 
2046 
 
2688 
 
2728 
 
2047 
 
2372 
 
2942 
 
2100 
 
2572 
 
2827 
 
2336 
 
2262 
 
2971 
 
2171 
 
2454 
 
2905 
 
2454 
 
2170 
 
2973 
 
2261 
 
2033 
 
2828 
 
2573 
 
2102 
 
2942 
 
2854 
 
2047 
 
2730 
 
2688 
 
2058 
 
2416 
 
2922 
 
2080 
 
2617 
 
2792 
 
2296 
 
2303 
 
2964 
 
2141 
 
2499 
 
2930 
 
2408 
 
2202 
 
2975 
 
2225 
 
2048 
 
2859 
 
2526 
 
2123 
 
2956 
 
2821 
 
2042 
 
2769 
 
2646 
 
2069 
 
2461 
 
2900 
 
2065 
 
2665 
 
2755 
 
2257 
 
2343 
 
2952 
 
2115 
 
2543 
 
2944 
 
2364 
 
2237 
 
2974 
 
2191 
 
2058 
 
2888 
 
2482 
 
2151 
 
2967 
 
2786 
 
2039 
 
2813 
 
2603 
 
2088 
 
2505 
 
2874 
 
2052 
 
2703 
 
2714 
 
2220 
 
2387 
 
2935 
 
2093 
 
2588 
 
2958 
 
2320 
 
2276 
 
2969 
 
2159 
 
2073 
 
2922 
 
2438 
 
2183 
 
2974 
 
2748 
 
2045 
 
2839 
 
2556 
 
2108 
 
2552 
 
2842 
 
2045 
 
2743 
 
2673 
 
2186 
 
2431 
 
2915 
 
2075 
 
2634 
 
2978 
 
2282 
 
2316 
 
2959 
 
2131 
 
2090 
 
2933 
 
2393 
 
2215 
 
2976 
 
2710 
 
2051 
 
2870 
 
2511 
 
2133 
 
2596 
 
2809 
 
2041 
 
2782 
 
2633 
 
2153 
 
2477 
 
2891 
 
2060 
 
2676 
 
2975 
 
2244 
 
2359 
 
2946 
 
2105 
 
2112 
 
2950 
 
2349 
 
2252 
 
2974 
 
2665 
 
2064 
 
2898 
 
2465 
 
2161 
 
2640 
 
2774 
 
2041 
 
2818 
 
2585 
 
2128 
 
2521 
 
2864 
 
2049 
 
2718 
 
2976 
 
2206 
 
2402 
 
2928 
 
2087 
 
2137 
 
2962 
 
2304 
 
2290 
 
2967 
 
2623 
 
2078 
 
2920 
 
2421 
 
2193 
 
2684 
 
2733 
 
2047 
 
2850 
 
2539 
 
2104 
 
2567 
 
2831 
 
2043 
 
2757 
 
2973 
 
2167 
 
2445 
 
2906 
 
2068 
 
2166 
 
2970 
 
2267 
 
2331 
 
2956 
 
2578 
 
2097 
 
2941 
 
2377 
 
2228 
 
2724 
 
2693 
 
2054 
 
2878 
 
2494 
 
2074 
 
2610 
 
2797 
 
2039 
 
2794 
 
2966 
 
2146 
 
2493 
 
2880 
 
2055 
 
2199 
 
2976 
 
2230 
 
2374 
 
2939 
 
2533 
 
2121 
 
2954 
 
2334 
 
2259 
 
2765 
 
2651 
 
2068 
 
2906 
 
2450 
 
2066 
 
2656 
 
2759 
 
2042 
 
2829 
 
2954 
 
2119 
 
2538 
 
2853 
 
2047 
 
2234 
 
2975 
 
2195 
 
2416 
 
2921 
 
2487 
 
2148 
 
2966 
 
2294 
 
2305 
 
2801 
 
2607 
 
2084 
 
2927 
 
2406 
 
2054 
 
2697 
 
2721 
 
2047 
 
2861 
 
2936 
 
2096 
 
2585 
 
2821 
 
2041 
 
2273 
 
2970 
 
2164 
 
2464 
 
2899 
 
2442 
 
2178 
 
2973 
 
2255 
 
2347 
 
2835 
 
2562 
 
2104 
 
2944 
 
2362 
 
2045 
 
2744 
 
2681 
 
2060 
 
2890 
 
2918 
 
2078 
 
2625 
 
2785 
 
2041 
 
2313 
 
2961 
 
2135 
 
2507 
 
2871 
 
2398 
 
2210 
 
2976 
 
2218 
 
2391 
 
2872 
 
2518 
 
2131 
 
2960 
 
2320 
 
2042 
 
2777 
 
2636 
 
2073 
 
2914 
 
2893 
 
2062 
 
2670 
 
2747 
 
2045 
 
2354 
 
2949 
 
2110 
 
2555 
 
2849 
 
2357 
 
2248 
 
2973 
 
2183 
 
2434 
 
2893 
 
2471 
 
2158 
 
2968 
 
2279 
 
2041 
 
2812 
 
2590 
 
2091 
 
2935 
 
2866 
 
2051 
 
2713 
 
2710 
 
2051 
 
2398 
 
2929 
 
2089 
 
2597 
 
2807 
 
2313 
 
2286 
 
2966 
 
2153 
 
2480 
 
2917 
 
2428 
 
2190 
 
2974 
 
2240 
 
2046 
 
2847 
 
2547 
 
2113 
 
2950 
 
2836 
 
2045 
 
2753 
 
2664 
 
2064 
 
2442 
 
2910 
 
2072 
 
2642 
 
2770 
 
2272 
 
2325 
 
2957 
 
2126 
 
2524 
 
2937 
 
2380 
 
2221 
 
2976 
 
2205 
 
2055 
 
2876 
 
2501 
 
2139 
 
2964 
 
2802 
 
2042 
 
2789 
 
2620 
 
2079 
 
2487 
 
2885 
 
2056 
 
2685 
 
2733 
 
2229 
 
2367 
 
2942 
 
2103 
 
2569 
 
2952 
 
2340 
 
2261 
 
2973 
 
2173 
 
2066 
 
2903 
 
2457 
 
2168 
 
2972 
 
2763 
 
2043 
 
2825 
 
2575 
 
2090 
 
2531 
 
2856 
 
2047 
 
2726 
 
2691 
 
2200 
 
2413 
 
2923 
 
2081 
 
2613 
 
2966 
 
2300 
 
2300 
 
2965 
 
2143 
 
2082 
 
2925 
 
2412 
 
2195 
 
2976 
 
2724 
 
2048 
 
2857 
 
2529 
 
2123 
 
2576 
 
2824 
 
2043 
 
2766 
 
2648 
 
2167 
 
2457 
 
2900 
 
2065 
 
2657 
 
2973 
 
2259 
 
2337 
 
2954 
 
2118 
 
2103 
 
2943 
 
2367 
 
2235 
 
2975 
 
2684 
 
2058 
 
2885 
 
2486 
 
2149 
 
2622 
 
2787 
 
2040 
 
2802 
 
2603 
 
2139 
 
2503 
 
2876 
 
2053 
 
2700 
 
2976 
 
2222 
 
2383 
 
2937 
 
2096 
 
2125 
 
2957 
 
2324 
 
2273 
 
2970 
 
2640 
 
2071 
 
2911 
 
2440 
 
2178 
 
2670 
 
2753 
 
2045 
 
2836 
 
2561 
 
2112 
 
2548 
 
2844 
 
2046 
 
2740 
 
2975 
 
2188 
 
2429 
 
2916 
 
2076 
 
2154 
 
2968 
 
2285 
 
2315 
 
2972 
 
2599 
 
2089 
 
2932 
 
2396 
 
2213 
 
2706 
 
2711 
 
2051 
 
2866 
 
2514 
 
2091 
 
2592 
 
2811 
 
2041 
 
2779 
 
2969 
 
2156 
 
2474 
 
2900 
 
2061 
 
2184 
 
2973 
 
2246 
 
2356 
 
2948 
 
2551 
 
2112 
 
2949 
 
2353 
 
2250 
 
2746 
 
2667 
 
2062 
 
2895 
 
2469 
 
2072 
 
2638 
 
2782 
 
2042 
 
2814 
 
2959 
 
2130 
 
2519 
 
2864 
 
2050 
 
2218 
 
2976 
 
2211 
 
2400 
 
2931 
 
2505 
 
2135 
 
2962 
 
2311 
 
2287 
 
2786 
 
2625 
 
2074 
 
2916 
 
2425 
 
2059 
 
2681 
 
2737 
 
2045 
 
2847 
 
2945 
 
2106 
 
2564 
 
2832 
 
2043 
 
2255 
 
2974 
 
2178 
 
2445 
 
2908 
 
2459 
 
2161 
 
2971 
 
2271 
 
2329 
 
2821 
 
2581 
 
2097 
 
2939 
 
2380 
 
2049 
 
2722 
 
2695 
 
2055 
 
2877 
 
2926 
 
2084 
 
2609 
 
2799 
 
2032 
 
2292 
 
2966 
 
2146 
 
2489 
 
2883 
 
2416 
 
2196 
 
2975 
 
2232 
 
2372 
 
2853 
 
2536 
 
2120 
 
2954 
 
2338 
 
2042 
 
2761 
 
2653 
 
2058 
 
2902 
 
2903 
 
2067 
 
2653 
 
2762 
 
2043 
 
2335 
 
2955 
 
2121 
 
2534 
 
2853 
 
2373 
 
2232 
 
2976 
 
2198 
 
2415 
 
2882 
 
2490 
 
2138 
 
2965 
 
2295 
 
2041 
 
2798 
 
2610 
 
2084 
 
2926 
 
2877 
 
2054 
 
2696 
 
2723 
 
2048 
 
2378 
 
2938 
 
2098 
 
2580 
 
2821 
 
2329 
 
2266 
 
2973 
 
2167 
 
2460 
 
2908 
 
2445 
 
2176 
 
2974 
 
2257 
 
2043 
 
2834 
 
2564 
 
2104 
 
2943 
 
2849 
 
2046 
 
2736 
 
2681 
 
2059 
 
2422 
 
2922 
 
2078 
 
2624 
 
2786 
 
2290 
 
2310 
 
2962 
 
2136 
 
2505 
 
2930 
 
2401 
 
2210 
 
2975 
 
2220 
 
2051 
 
2864 
 
2520 
 
2128 
 
2968 
 
2823 
 
2041 
 
2775 
 
2638 
 
2074 
 
2467 
 
2896 
 
2062 
 
2667 
 
2749 
 
2250 
 
2351 
 
2949 
 
2111 
 
2551 
 
2947 
 
2358 
 
2245 
 
2984 
 
2186 
 
2060 
 
2891 
 
2475 
 
2156 
 
2968 
 
2781 
 
2042 
 
2812 
 
2595 
 
2091 
 
2511 
 
2867 
 
2052 
 
2710 
 
2709 
 
2213 
 
2394 
 
2942 
 
2089 
 
2596 
 
2959 
 
2316 
 
2282 
 
2969 
 
2155 
 
2075 
 
2916 
 
2431 
 
2186 
 
2974 
 
2743 
 
2045 
 
2845 
 
2548 
 
2111 
 
2559 
 
2844 
 
2042 
 
2750 
 
2667 
 
2181 
 
2438 
 
2911 
 
2072 
 
2640 
 
2969 
 
2276 
 
2323 
 
2959 
 
2127 
 
2093 
 
2936 
 
2386 
 
2221 
 
2978 
 
2704 
 
2051 
 
2875 
 
2504 
 
2137 
 
2603 
 
2804 
 
2041 
 
2788 
 
2623 
 
2151 
 
2483 
 
2886 
 
2057 
 
2683 
 
2974 
 
2238 
 
2366 
 
2944 
 
2095 
 
2111 
 
2953 
 
2343 
 
2256 
 
2972 
 
2658 
 
2065 
 
2901 
 
2460 
 
2166 
 
2648 
 
2767 
 
2042 
 
2823 
 
2579 
 
2122 
 
2529 
 
2858 
 
2038 
 
2724 
 
2976 
 
2203 
 
2410 
 
2925 
 
2085 
 
2142 
 
2964 
 
2302 
 
2296 
 
2966 
 
2616 
 
2082 
 
2922 
 
2415 
 
2198 
 
2689 
 
2729 
 
2038 
 
2855 
 
2532 
 
2100 
 
2573 
 
2826 
 
2042 
 
2764 
 
2971 
 
2170 
 
2455 
 
2902 
 
2066 
 
2171 
 
2973 
 
2262 
 
2339 
 
2954 
 
2571 
 
2096 
 
2944 
 
2371 
 
2234 
 
2730 
 
2687 
 
2056 
 
2883 
 
2488 
 
2079 
 
2618 
 
2791 
 
2041 
 
2801 
 
2963 
 
2140 
 
2500 
 
2877 
 
2055 
 
2201 
 
2979 
 
2225 
 
2382 
 
2938 
 
2526 
 
2124 
 
2956 
 
2328 
 
2271 
 
2770 
 
2645 
 
2071 
 
2909 
 
2444 
 
2065 
 
2662 
 
2754 
 
2044 
 
2841 
 
2955 
 
2116 
 
2545 
 
2848 
 
2046 
 
2240 
 
2974 
 
2190 
 
2426 
 
2917 
 
2482 
 
2153 
 
2967 
 
2286 
 
2311 
 
2805 
 
2600 
 
2087 
 
2939 
 
2400 
 
2051 
 
2702 
 
2713 
 
2050 
 
2865 
 
2935 
 
2091 
 
2590 
 
2814 
 
2040 
 
2278 
 
2969 
 
2160 
 
2471 
 
2895 
 
2436 
 
2183 
 
2984 
 
2248 
 
2354 
 
2840 
 
2555 
 
2109 
 
2948 
 
2355 
 
2045 
 
2744 
 
2671 
 
2062 
 
2893 
 
2914 
 
2075 
 
2633 
 
2779 
 
2040 
 
2319 
 
2969 
 
2131 
 
2515 
 
2866 
 
2392 
 
2216 
 
2975 
 
2213 
 
2398 
 
2871 
 
2509 
 
2133 
 
2961 
 
2315 
 
2040 
 
2783 
 
2629 
 
2077 
 
2920 
 
2895 
 
2060 
 
2677 
 
2740 
 
2045 
 
2359 
 
2946 
 
2107 
 
2560 
 
2837 
 
2348 
 
2253 
 
2972 
 
2178 
 
2440 
 
2895 
 
2465 
 
2162 
 
2971 
 
2270 
 
2037 
 
2818 
 
2584 
 
2095 
 
2937 
 
2861 
 
2050 
 
2718 
 
2700 
 
2054 
 
2403 
 
2928 
 
2086 
 
2605 
 
2802 
 
2307 
 
2292 
 
2967 
 
2142 
 
2483 
 
2921 
 
2420 
 
2194 
 
2975 
 
2236 
 
2046 
 
2850 
 
2540 
 
2117 
 
2953 
 
2831 
 
2043 
 
2758 
 
2657 
 
2065 
 
2449 
 
2906 
 
2059 
 
2649 
 
2766 
 
2266 
 
2333 
 
2956 
 
2122 
 
2532 
 
2940 
 
2377 
 
2229 
 
2976 
 
2202 
 
2055 
 
2881 
 
2494 
 
2143 
 
2965 
 
2795 
 
2032 
 
2794 
 
2613 
 
2081 
 
2494 
 
2880 
 
2056 
 
2691 
 
2725 
 
2228 
 
2376 
 
2941 
 
2099 
 
2575 
 
2956 
 
2334 
 
2266 
 
2971 
 
2168 
 
2062 
 
2907 
 
2449 
 
2172 
 
2973 
 
2759 
 
2043 
 
2830 
 
2569 
 
2103 
 
2538 
 
2851 
 
2047 
 
2733 
 
2684 
 
2195 
 
2420 
 
2920 
 
2079 
 
2622 
 
2971 
 
2293 
 
2305 
 
2963 
 
2139 
 
2084 
 
2928 
 
2404 
 
2206 
 
2976 
 
2718 
 
2051 
 
2861 
 
2523 
 
2126 
 
2584 
 
2819 
 
2042 
 
2778 
 
2642 
 
2163 
 
2465 
 
2896 
 
2063 
 
2664 
 
2973 
 
2253 
 
2346 
 
2950 
 
2115 
 
2107 
 
2946 
 
2361 
 
2243 
 
2975 
 
2678 
 
2060 
 
2897 
 
2480 
 
2153 
 
2628 
 
2782 
 
2042 
 
2807 
 
2599 
 
2134 
 
2508 
 
2870 
 
2052 
 
2705 
 
2977 
 
2217 
 
2392 
 
2933 
 
2092 
 
2132 
 
2969 
 
2320 
 
2279 
 
2969 
 
2634 
 
2074 
 
2913 
 
2434 
 
2185 
 
2673 
 
2745 
 
2045 
 
2841 
 
2552 
 
2110 
 
2556 
 
2840 
 
2044 
 
2747 
 
2982 
 
2181 
 
2436 
 
2913 
 
2073 
 
2160 
 
2969 
 
2279 
 
2321 
 
2958 
 
2590 
 
2093 
 
2934 
 
2388 
 
2219 
 
2714 
 
2705 
 
2053 
 
2873 
 
2507 
 
2086 
 
2600 
 
2806 
 
2041 
 
2785 
 
2966 
 
2153 
 
2480 
 
2888 
 
2059 
 
2190 
 
2974 
 
2240 
 
2363 
 
2944 
 
2546 
 
2114 
 
2952 
 
2342 
 
2253 
 
2755 
 
2661 
 
2065 
 
2899 
 
2462 
 
2070 
 
2645 
 
2770 
 
2043 
 
2820 
 
2956 
 
2125 
 
2524 
 
2858 
 
2049 
 
2224 
 
2975 
 
2198 
 
2405 
 
2927 
 
2500 
 
2140 
 
2964 
 
2304 
 
2294 
 
2792 
 
2619 
 
2079 
 
2922 
 
2418 
 
2056 
 
2687 
 
2729 
 
2047 
 
2852 
 
2940 
 
2091 
 
2568 
 
2827 
 
2043 
 
2261 
 
2972 
 
2173 
 
2452 
 
2905 
 
2455 
 
2169 
 
2971 
 
2265 
 
2334 
 
2827 
 
2575 
 
2100 
 
2940 
 
2372 
 
2041 
 
2727 
 
2690 
 
2057 
 
2882 
 
2923 
 
2082 
 
2614 
 
2794 
 
2042 
 
2300 
 
2963 
 
2143 
 
2496 
 
2878 
 
2411 
 
2201 
 
2976 
 
2226 
 
2377 
 
2860 
 
2529 
 
2124 
 
2955 
 
2332 
 
2042 
 
2767 
 
2647 
 
2070 
 
2907 
 
2901 
 
2065 
 
2659 
 
2755 
 
2043 
 
2343 
 
2952 
 
2116 
 
2544 
 
2850 
 
2365 
 
2238 
 
2975 
 
2193 
 
2422 
 
2887 
 
2485 
 
2149 
 
2967 
 
2291 
 
2041 
 
2804 
 
2604 
 
2087 
 
2928 
 
2874 
 
2053 
 
2706 
 
2717 
 
2050 
 
2385 
 
2936 
 
2094 
 
2586 
 
2816 
 
2323 
 
2275 
 
2970 
 
2160 
 
2467 
 
2911 
 
2439 
 
2181 
 
2975 
 
2251 
 
2043 
 
2847 
 
2560 
 
2108 
 
2948 
 
2844 
 
2045 
 
2741 
 
2674 
 
2060 
 
2429 
 
2917 
 
2075 
 
2631 
 
2781 
 
2282 
 
2315 
 
2960 
 
2132 
 
2511 
 
2943 
 
2396 
 
2213 
 
2976 
 
2214 
 
2052 
 
2868 
 
2512 
 
2133 
 
2961 
 
2811 
 
2041 
 
2780 
 
2630 
 
2074 
 
2475 
 
2891 
 
2062 
 
2676 
 
2747 
 
2244 
 
2357 
 
2947 
 
2107 
 
2556 
 
2949 
 
2351 
 
2252 
 
2974 
 
2181 
 
2063 
 
2895 
 
2469 
 
2162 
 
2968 
 
2773 
 
2043 
 
2816 
 
2589 
 
2094 
 
2521 
 
2862 
 
2051 
 
2717 
 
2702 
 
2209 
 
2401 
 
2928 
 
2088 
 
2602 
 
2961 
 
2310 
 
2289 
 
2966 
 
2151 
 
2078 
 
2918 
 
2422 
 
2191 
 
2974 
 
2736 
 
2047 
 
2849 
 
2542 
 
2116 
 
2565 
 
2831 
 
2042 
 
2757 
 
2660 
 
2176 
 
2445 
 
2908 
 
2069 
 
2645 
 
2972 
 
2263 
 
2329 
 
2955 
 
2124 
 
2096 
 
2939 
 
2379 
 
2227 
 
2974 
 
2694 
 
2055 
 
2877 
 
2498 
 
2142 
 
2610 
 
2799 
 
2040 
 
2792 
 
2614 
 
2138 
 
2489 
 
2882 
 
2057 
 
2689 
 
2975 
 
2233 
 
2373 
 
2942 
 
2099 
 
2121 
 
2956 
 
2336 
 
2263 
 
2972 
 
2653 
 
2067 
 
2904 
 
2451 
 
2164 
 
2653 
 
2761 
 
2042 
 
2828 
 
2570 
 
2120 
 
2536 
 
2852 
 
2048 
 
2730 
 
2976 
 
2197 
 
2416 
 
2923 
 
2081 
 
2146 
 
2966 
 
2294 
 
2300 
 
2964 
 
2609 
 
2084 
 
2927 
 
2408 
 
2204 
 
2696 
 
2722 
 
2048 
 
2859 
 
2526 
 
2097 
 
2581 
 
2821 
 
2042 
 
2768 
 
2970 
 
2165 
 
2462 
 
2901 
 
2065 
 
2176 
 
2974 
 
2257 
 
2345 